0 0.157853 0.89133 0.135238 0.175185
0 0.628793 0.264627 0.114033 0.174397
0 0.772096 0.750748 0.136462 0.179458
0 0.191198 0.0681624 0.113612 0.136325
2 0.510851 0.722101 0.0505095 0.137594
0 0.964123 0.526786 0.0713786 0.183042
0 0.738058 0.92002 0.1406 0.13829
0 0.186079 0.771842 0.156868 0.143908
0 0.501733 0.0403193 0.0983699 0.0759022
0 0.51697 0.0405652 0.0722761 0.0773181
0 0.803434 0.607099 0.222499 0.184897
0 0.114132 0.119744 0.135224 0.156819
0 0.199561 0.0761619 0.0892899 0.148489
0 0.626787 0.954145 0.152138 0.0899358
0 0.820512 0.646245 0.230503 0.25602
0 0.984653 0.119346 0.0306934 0.16622
0 0.186063 0.0467191 0.105329 0.0910237
0 0.85077 0.650849 0.172183 0.236023
0 0.205472 0.792584 0.124614 0.173424
0 0.105243 0.100893 0.128982 0.122429
0 0.19487 0.0578326 0.0914965 0.105858
0 0.647876 0.954467 0.116223 0.091066
0 0.162831 0.884882 0.107656 0.143588
0 0.183525 0.0331521 0.100464 0.0601026
0 0.136995 0.122996 0.0972968 0.138677
0 0.0154921 0.290824 0.0309842 0.21347
0 0.981745 0.145624 0.0365099 0.119741
