2 0.517097 0.657664 0.0467344 0.141341
0 0.0825796 0.869406 0.102795 0.162542
1 0.636952 0.0238086 0.105035 0.0452333
0 0.782719 0.630732 0.233528 0.213244
0 0.743804 0.62933 0.153502 0.209299
1 0.457365 0.0257148 0.116487 0.041555
0 0.100512 0.419043 0.187559 0.217292
0 0.86722 0.363955 0.0865173 0.115384
1 0.463706 0.0260929 0.134513 0.0521858
0 0.346684 0.0246358 0.131078 0.0492716
0 0.0677195 0.869431 0.135439 0.177068
1 0.632443 0.0255591 0.129059 0.0511182
0 0.820045 0.629579 0.182416 0.181807
0 0.915438 0.780445 0.163329 0.14245
0 0.0948542 0.375863 0.168948 0.134206
0 0.0810132 0.832847 0.0842551 0.093752
