0 0.0874484 0.578824 0.146956 0.170762
0 0.104189 0.902922 0.143386 0.169488
2 0.52205 0.665893 0.0449757 0.146192
0 0.785101 0.669981 0.200166 0.236528
0 0.812559 0.468735 0.150246 0.142961
0 0.371254 0.47775 0.15474 0.225603
0 0.94866 0.949245 0.1024 0.10151
0 0.638859 0.919758 0.161691 0.137119
0 0.0152283 0.22138 0.0303237 0.175152
0 0.953942 0.233121 0.0911616 0.195595
0 0.858333 0.580435 0.0775593 0.100356
0 0.812905 0.588943 0.185698 0.120949
0 0.958532 0.252466 0.0778225 0.156595
0 0.865841 0.592413 0.0884409 0.117749
0 0.0784824 0.571829 0.117287 0.137929
0 0.814434 0.660741 0.183398 0.249169
0 0.761741 0.640816 0.222004 0.25336
0 0.802895 0.269289 0.0556009 0.083876
0 0.012179 0.0976559 0.0243581 0.147263
