0 0.333698 0.690026 0.126371 0.174851
0 0.692727 0.740117 0.111849 0.161604
0 0.766535 0.885423 0.139907 0.174318
0 0.250913 0.53256 0.115592 0.146842
1 0.479283 0.269254 0.163989 0.118982
2 0.483782 0.757262 0.049054 0.142002
1 0.6353 0.234796 0.170638 0.126593
1 0.292133 0.0779653 0.171487 0.124988
0 0.44408 0.924946 0.11179 0.128925
1 0.927301 0.263191 0.134566 0.106499
1 0.833257 0.43345 0.1632 0.126289
1 0.893584 0.348531 0.174237 0.125712
1 0.411734 0.0450646 0.156492 0.0901292
1 0.881448 0.390188 0.201505 0.0707596
1 0.279674 0.0732636 0.144909 0.0884181
0 0.235894 0.524095 0.0807637 0.130996
1 0.827926 0.43086 0.140235 0.0920978
1 0.437441 0.0497393 0.114495 0.0908027
0 0.433689 0.918994 0.0869476 0.1136
1 0.461646 0.264205 0.14984 0.0992337
1 0.405931 0.0367278 0.148809 0.0677051
1 0.976528 0.385999 0.0412991 0.0585502
1 0.890743 0.352352 0.150696 0.0980227
1 0.319959 0.0994393 0.149911 0.0987163
1 0.491068 0.282103 0.146659 0.0961613
0 0.594964 0.439781 0.0541664 0.0783774
0 0.74003 0.506385 0.0528609 0.0800473
1 0.912377 0.363742 0.152647 0.0993447
1 0.388357 0.0311875 0.14219 0.0548135
1 0.3049 0.0871059 0.153648 0.0961709
1 0.647625 0.242893 0.157842 0.093464
0 0.694764 0.733968 0.0944714 0.13157
1 0.9265 0.261783 0.122252 0.0809887
1 0.625726 0.234083 0.155618 0.0936358
0 0.666388 0.47352 0.0521872 0.0728194
1 0.93709 0.275997 0.121094 0.102202
