2 0.510804 0.719345 0.0473923 0.138327
0 0.106539 0.432461 0.14433 0.177929
1 0.540525 0.134254 0.144948 0.119486
0 0.273645 0.602735 0.104281 0.168304
1 0.478276 0.313953 0.166631 0.131299
1 0.925989 0.307999 0.146534 0.124276
1 0.30328 0.130405 0.167953 0.130615
1 0.596297 0.267943 0.142918 0.113867
1 0.785642 0.461988 0.146324 0.119678
1 0.878132 0.400275 0.14461 0.115165
0 0.549233 0.631737 0.145197 0.177706
0 0.457871 0.958575 0.13566 0.0828493
1 0.903078 0.396713 0.185604 0.132614
0 0.689854 0.795041 0.106506 0.189137
0 0.703983 0.808135 0.0773599 0.156922
1 0.290313 0.131393 0.152521 0.105591
1 0.793496 0.468016 0.129791 0.093612
0 0.568977 0.640608 0.10521 0.161672
0 0.270833 0.608087 0.0872423 0.138068
1 0.369604 0.386138 0.0435975 0.0746431
0 0.681269 0.750158 0.102574 0.100578
1 0.593873 0.487661 0.05145 0.0746908
1 0.587681 0.267577 0.173636 0.154404
1 0.34573 0.162636 0.130185 0.0956327
1 0.315402 0.143013 0.156951 0.102631
1 0.93789 0.320988 0.124219 0.107839
