2 0.503926 0.733683 0.0482293 0.134905
1 0.766026 0.580395 0.16812 0.125546
1 0.478944 0.342498 0.171107 0.123843
0 0.828092 0.33598 0.24617 0.244525
1 0.649573 0.632164 0.166954 0.126845
0 0.848016 0.358277 0.202855 0.243632
1 0.39023 0.412863 0.14824 0.120695
0 0.683477 0.965388 0.10901 0.0641629
1 0.461192 0.650865 0.143824 0.108773
1 0.934065 0.566691 0.131047 0.10518
1 0.218414 0.534174 0.101537 0.0972439
0 0.192185 0.960447 0.128036 0.0702976
0 0.78869 0.327652 0.176581 0.225891
1 0.203307 0.431088 0.0749978 0.0970382
1 0.941604 0.566653 0.112741 0.0840398
1 0.16805 0.419239 0.152188 0.125398
1 0.23034 0.838104 0.0385776 0.0661438
1 0.657027 0.662096 0.189276 0.20371
1 0.665669 0.747191 0.0667799 0.0721163
1 0.463881 0.649895 0.130777 0.0808236
0 0.682707 0.948792 0.111824 0.0845093
1 0.752579 0.576592 0.156063 0.101771
1 0.459758 0.329712 0.171099 0.123753
1 0.795136 0.604331 0.133301 0.104177
1 0.641468 0.633366 0.143871 0.0967007
1 0.469154 0.340249 0.151016 0.0879164
1 0.678977 0.742901 0.147837 0.103507
1 0.696456 0.617239 0.0882679 0.0842797
