0 0.803801 0.737133 0.140017 0.181312
0 0.0566196 0.59764 0.113239 0.183809
0 0.402954 0.868262 0.159596 0.18385
0 0.296819 0.399133 0.143189 0.189963
0 0.589368 0.19322 0.203403 0.244214
2 0.50693 0.690146 0.0485512 0.139626
0 0.871361 0.553267 0.111609 0.170645
0 0.735105 0.591934 0.138728 0.166743
0 0.022538 0.153868 0.0450494 0.170036
0 0.92064 0.949121 0.155243 0.0932488
0 0.570877 0.957167 0.133657 0.0798225
0 0.505538 0.0468951 0.143313 0.0937903
0 0.865582 0.542847 0.0942299 0.138564
0 0.436917 0.873081 0.0966237 0.156919
0 0.486926 0.0612673 0.109413 0.119549
0 0.944392 0.961488 0.0995285 0.0737016
