0 0.305175 0.662686 0.145154 0.187565
0 0.542838 0.87859 0.141305 0.17051
1 0.59332 0.409423 0.159494 0.119896
0 0.263898 0.897329 0.224711 0.188615
1 0.740329 0.365508 0.158088 0.125297
1 0.408256 0.219872 0.137942 0.112864
2 0.501615 0.744478 0.0446262 0.118622
1 0.722155 0.57346 0.140029 0.0994402
1 0.321157 0.393924 0.138201 0.105908
1 0.0812853 0.175455 0.156183 0.112834
1 0.721159 0.57382 0.114325 0.0778098
0 0.290115 0.908639 0.182484 0.181285
1 0.0654057 0.15769 0.121427 0.0767798
1 0.12148 0.190775 0.0955748 0.0939035
2 0.776444 0.682061 0.0272574 0.0665146
0 0.616135 0.0562698 0.0590157 0.0728175
1 0.975442 0.493245 0.0488773 0.0961724
0 0.238884 0.883286 0.196644 0.214094
1 0.31983 0.388472 0.115427 0.0827101
1 0.739196 0.58098 0.0791027 0.0603281
1 0.732445 0.585933 0.121854 0.0848865
1 0.0563829 0.145882 0.109502 0.0808657
1 0.0697061 0.165409 0.139412 0.0951893
2 0.502329 0.721302 0.0360189 0.0770799
1 0.603311 0.420001 0.154029 0.0922792
1 0.403453 0.214383 0.120509 0.083993
1 0.777182 0.683862 0.0276512 0.0632694
1 0.75729 0.383008 0.144994 0.107964
1 0.0952042 0.189832 0.138848 0.0812666
