2 0.560989 0.716549 0.0438654 0.12107
0 0.259574 0.271307 0.139647 0.188715
1 0.76484 0.742796 0.146188 0.118104
1 0.178572 0.474925 0.16331 0.123691
1 0.404161 0.475533 0.143026 0.111361
1 0.0420406 0.613457 0.081779 0.0968737
1 0.798377 0.866259 0.147836 0.119989
1 0.533338 0.627991 0.167906 0.113815
1 0.860863 0.680461 0.143252 0.113837
1 0.474393 0.715005 0.173611 0.122228
0 0.0520966 0.792538 0.104193 0.178038
0 0.54244 0.917496 0.146112 0.158042
1 0.473705 0.807611 0.18799 0.116454
1 0.173455 0.472504 0.148673 0.0873851
0 0.0419057 0.763069 0.0813512 0.112753
1 0.402702 0.472163 0.124706 0.0852765
1 0.614276 0.674868 0.0721827 0.093564
1 0.444775 0.805248 0.129711 0.105409
1 0.762438 0.742437 0.13124 0.0906735
1 0.601311 0.666728 0.0908671 0.096029
1 0.5779 0.66743 0.0300814 0.0717638
1 0.567795 0.71039 0.0350857 0.114708
1 0.526572 0.725672 0.237487 0.126966
1 0.806916 0.869299 0.129634 0.0890215
1 0.507379 0.699042 0.177827 0.133845
1 0.462112 0.805588 0.146839 0.085612
1 0.455898 0.715338 0.142333 0.0812486
1 0.477038 0.730708 0.134068 0.095361
1 0.522942 0.62791 0.143091 0.0903883
1 0.446898 0.704595 0.132179 0.0790088
