0 0.772627 0.856014 0.157986 0.180941
0 0.936503 0.315748 0.125921 0.181578
0 0.329865 0.657571 0.145796 0.176515
2 0.476425 0.815168 0.0504266 0.139805
0 0.489857 0.627329 0.165861 0.193949
1 0.764295 0.681579 0.162396 0.129653
0 0.655483 0.243397 0.231192 0.221429
1 0.750185 0.566892 0.140634 0.116022
1 0.475522 0.437668 0.161453 0.127182
1 0.250329 0.444328 0.155334 0.116635
0 0.063986 0.39912 0.126165 0.12692
1 0.748021 0.563329 0.124823 0.0855203
1 0.775576 0.686901 0.151676 0.0955064
2 0.478331 0.808445 0.0395587 0.123091
1 0.289175 0.469942 0.130894 0.0969298
1 0.262539 0.456391 0.150973 0.0998068
1 0.467639 0.431692 0.144198 0.0872601
0 0.528251 0.642728 0.0857353 0.154597
0 0.513181 0.639141 0.113593 0.166786
1 0.788995 0.699558 0.146389 0.0956531
