0 0.0582948 0.650867 0.11659 0.17694
0 0.147244 0.800353 0.140154 0.180438
0 0.591142 0.248925 0.202785 0.231974
0 0.483984 0.845043 0.141784 0.175255
0 0.714967 0.516292 0.151065 0.15333
2 0.501797 0.735352 0.0445827 0.139032
0 0.094834 0.455268 0.131709 0.1571
0 0.756606 0.663998 0.142537 0.181676
0 0.567913 0.95418 0.100536 0.0890901
1 0.0756829 0.905345 0.117324 0.0890574
0 0.900678 0.971427 0.105813 0.0499922
1 0.965195 0.0488837 0.0682562 0.0663833
1 0.953036 0.0441794 0.0922337 0.064264
1 0.716333 0.0629836 0.0513044 0.07573
1 0.967396 0.0595168 0.0652083 0.0960548
1 0.0508187 0.974798 0.100703 0.0490997
0 0.0890479 0.443946 0.106899 0.122463
0 0.623736 0.236404 0.19986 0.258226
1 0.947367 0.0350224 0.091807 0.0504027
0 0.664689 0.161814 0.12152 0.117494
0 0.906331 0.977512 0.0929718 0.0449757
1 0.0567676 0.968639 0.102248 0.0462331
0 0.651746 0.178538 0.156549 0.142108
0 0.585355 0.957133 0.120989 0.0857344
0 0.0782149 0.45576 0.0944508 0.152672
0 0.0516526 0.610256 0.100454 0.117785
