0 0.211096 0.109347 0.142601 0.175437
2 0.552025 0.766467 0.045396 0.129374
0 0.0926786 0.225459 0.171495 0.230292
1 0.233954 0.671782 0.164487 0.127488
1 0.310974 0.922718 0.143665 0.119968
1 0.234272 0.783998 0.143963 0.11813
0 0.875113 0.714772 0.142372 0.160378
1 0.435049 0.874541 0.145087 0.117881
1 0.791004 0.920577 0.154816 0.117093
0 0.912828 0.611352 0.174139 0.257926
1 0.232786 0.77789 0.122785 0.0931639
0 0.0331689 0.304221 0.0647364 0.124101
1 0.698737 0.974753 0.104101 0.0503289
1 0.433201 0.873277 0.127484 0.0887817
0 0.0649433 0.943413 0.12973 0.109354
1 0.51468 0.80865 0.120855 0.0929114
1 0.30916 0.919338 0.126508 0.0895794
1 0.785365 0.917475 0.142674 0.0856266
0 0.0372561 0.329748 0.0729543 0.125133
0 0.9019 0.67476 0.185333 0.227527
1 0.512006 0.810538 0.10839 0.0642819
0 0.0135844 0.341688 0.0271688 0.138606
1 0.223735 0.664312 0.15472 0.0969253
1 0.95427 0.972049 0.0870827 0.0450602
0 0.0346186 0.322827 0.0692372 0.0926168
1 0.810792 0.938842 0.145563 0.0962059
0 0.864045 0.709725 0.105807 0.135243
0 0.207563 0.049639 0.146774 0.0816163
