2 0.495894 0.754338 0.0449294 0.14605
0 0.0229445 0.930766 0.0454737 0.137258
0 0.877323 0.318014 0.145289 0.174141
0 0.914313 0.823935 0.171374 0.26301
0 0.42212 0.481955 0.231146 0.231285
0 0.0915764 0.435473 0.173164 0.238601
0 0.880859 0.181963 0.156995 0.132273
0 0.122072 0.692231 0.0453856 0.150479
0 0.0904954 0.686836 0.109199 0.160207
0 0.2716 0.964901 0.0706294 0.0701985
1 0.452671 0.559623 0.103184 0.0513531
0 0.385911 0.477727 0.173021 0.214693
0 0.0152091 0.933359 0.0304183 0.118808
0 0.108006 0.457395 0.156368 0.219086
1 0.460822 0.560017 0.0977701 0.0646503
