2 0.476339 0.697689 0.043371 0.137172
0 0.431695 0.176858 0.141374 0.18073
1 0.331441 0.478812 0.163734 0.12682
1 0.155003 0.503845 0.174018 0.137569
1 0.726994 0.544638 0.168595 0.131569
1 0.736168 0.767115 0.144821 0.115869
1 0.627424 0.617506 0.143467 0.1174
1 0.419935 0.624492 0.141651 0.11199
1 0.813291 0.895873 0.162701 0.102029
1 0.632049 0.936607 0.0918209 0.105976
1 0.431177 0.411639 0.137765 0.105912
1 0.442703 0.737028 0.121106 0.0829661
1 0.659788 0.934602 0.149521 0.10758
1 0.281323 0.7752 0.0595732 0.0886445
1 0.427253 0.418924 0.108361 0.0760318
1 0.323722 0.475724 0.150369 0.0917027
1 0.422259 0.624831 0.118732 0.087753
1 0.623973 0.612969 0.121367 0.0918709
1 0.734674 0.766399 0.12104 0.090743
1 0.4603 0.42691 0.0467556 0.0581497
1 0.142359 0.499777 0.155424 0.109583
1 0.831692 0.909193 0.138954 0.0825439
1 0.668401 0.583547 0.110517 0.0797328
1 0.850473 0.917006 0.112492 0.085232
1 0.430043 0.728629 0.0996319 0.0791562
1 0.438057 0.430716 0.113694 0.0741419
1 0.462812 0.433555 0.0711542 0.0723524
1 0.431599 0.719556 0.127949 0.110074
1 0.856211 0.970767 0.0620609 0.0584656
1 0.790774 0.88509 0.12912 0.0878937
1 0.640632 0.629652 0.127821 0.099184
