0 0.231859 0.567235 0.114909 0.171651
0 0.673619 0.768072 0.112741 0.168379
1 0.534463 0.112036 0.170033 0.128201
0 0.16656 0.228017 0.147455 0.186372
0 0.830233 0.63122 0.114406 0.161263
1 0.508478 0.311551 0.140677 0.108608
2 0.493292 0.785791 0.0428257 0.124917
0 0.100787 0.704075 0.144363 0.162936
1 0.790246 0.339382 0.145022 0.111897
1 0.379088 0.150722 0.141681 0.110163
0 0.241239 0.953875 0.127491 0.089015
1 0.949817 0.517466 0.100367 0.0811235
1 0.957754 0.316044 0.0844914 0.100898
1 0.789824 0.339137 0.130617 0.086458
0 0.26951 0.953256 0.187876 0.0913235
1 0.391591 0.160657 0.124624 0.102943
0 0.682425 0.779828 0.0912788 0.142678
1 0.539062 0.113193 0.153047 0.0946813
0 0.242376 0.576371 0.0906014 0.141853
1 0.521194 0.323541 0.126958 0.0990056
0 0.0821653 0.703887 0.106426 0.150179
1 0.377714 0.151206 0.121648 0.0852193
1 0.805468 0.351499 0.121204 0.0997947
2 0.490395 0.622106 0.027825 0.104927
0 0.697649 0.786433 0.0634411 0.139567
1 0.503619 0.308161 0.116755 0.0796029
