0 0.742563 0.559834 0.144105 0.183181
0 0.670209 0.833144 0.109876 0.169264
1 0.617954 0.214725 0.169421 0.128587
1 0.273838 0.266556 0.13844 0.106219
1 0.537083 0.286906 0.177003 0.133147
0 0.408082 0.916426 0.136706 0.160787
1 0.456118 0.0501842 0.143575 0.100368
1 0.924493 0.261917 0.149404 0.119294
2 0.501538 0.75932 0.049771 0.144113
1 0.880384 0.445473 0.14179 0.11126
1 0.607561 0.428124 0.142203 0.117348
1 0.350511 0.0987412 0.146073 0.120121
1 0.153723 0.114341 0.144966 0.120378
0 0.0800729 0.945468 0.114266 0.0970303
1 0.877248 0.0237265 0.120373 0.0387421
1 0.582713 0.256977 0.192062 0.072112
1 0.608603 0.428178 0.128147 0.0887682
1 0.153949 0.116645 0.13497 0.0894178
0 0.0738233 0.946384 0.0907797 0.083275
1 0.529606 0.286502 0.152626 0.104064
2 0.27845 0.807445 0.0343862 0.120947
1 0.92145 0.254647 0.140506 0.086029
1 0.936808 0.274109 0.126384 0.10802
1 0.152475 0.104227 0.117479 0.0966174
1 0.673794 0.254573 0.123366 0.0949202
0 0.411364 0.915268 0.110052 0.139452
1 0.618711 0.218201 0.153753 0.0987881
1 0.268377 0.258933 0.119877 0.0837369
1 0.89982 0.0270475 0.113699 0.0440498
1 0.287779 0.280715 0.130635 0.0893312
1 0.365593 0.114447 0.127357 0.104651
1 0.448698 0.0398422 0.130222 0.0773716
1 0.804006 0.0946837 0.188653 0.161409
1 0.878126 0.438643 0.113572 0.0834813
0 0.682736 0.838989 0.0851616 0.150784
