0 0.883641 0.270954 0.137725 0.177415
0 0.445598 0.0828045 0.142653 0.165609
0 0.567625 0.236024 0.147617 0.186976
1 0.157829 0.286942 0.162811 0.125917
2 0.686641 0.0413881 0.0265728 0.0817247
1 0.384179 0.286992 0.160962 0.127073
1 0.663716 0.41607 0.140758 0.114422
2 0.527058 0.734718 0.0506218 0.144068
1 0.447652 0.425585 0.144524 0.119195
1 0.841872 0.708578 0.145566 0.112104
0 0.0241022 0.496101 0.0482044 0.194815
1 0.497074 0.546741 0.163146 0.128241
1 0.708793 0.541042 0.173236 0.125809
0 0.969621 0.419651 0.0604858 0.17084
1 0.0912054 0.361544 0.1668 0.123357
0 0.150648 0.766893 0.0748274 0.156449
0 0.734522 0.923763 0.139982 0.151524
0 0.857348 0.887758 0.141318 0.188683
0 0.12021 0.0606741 0.15583 0.121348
1 0.931662 0.541483 0.135871 0.117187
1 0.446939 0.425172 0.131455 0.0870655
1 0.0578877 0.958085 0.10959 0.0680088
1 0.117995 0.0602993 0.157399 0.120599
1 0.676209 0.489268 0.151072 0.206214
1 0.93716 0.542237 0.12568 0.0885347
1 0.679388 0.530065 0.162655 0.157873
1 0.379216 0.281832 0.139909 0.096401
1 0.661092 0.414388 0.112496 0.0809625
0 0.4502 0.07175 0.116411 0.143207
0 0.020418 0.480544 0.040626 0.149431
1 0.698413 0.541079 0.150891 0.0949591
1 0.485764 0.545613 0.147698 0.0999354
1 0.853872 0.720045 0.124967 0.0974981
1 0.687961 0.0391229 0.028118 0.0756632
1 0.559873 0.696428 0.0442387 0.0800273
1 0.654706 0.0274681 0.087824 0.043225
1 0.149962 0.282668 0.140868 0.0970511
0 0.0163366 0.510591 0.0326733 0.160352
1 0.0489373 0.955062 0.0960546 0.085504
1 0.119812 0.357417 0.192592 0.148238
1 0.13593 0.291978 0.163395 0.145037
1 0.403005 0.291834 0.19526 0.149578
1 0.740763 0.56555 0.140574 0.0970791
1 0.508037 0.557624 0.150507 0.0921873
1 0.122186 0.386015 0.144996 0.0961723
1 0.722338 0.550245 0.157268 0.0982772
1 0.521763 0.5669 0.143398 0.101931
1 0.661702 0.0372892 0.0760931 0.0659277
