0 0.726521 0.836588 0.11138 0.171336
0 0.284816 0.635381 0.115495 0.172023
0 0.278858 0.118959 0.143908 0.176072
0 0.925151 0.308147 0.146907 0.182467
2 0.504314 0.743277 0.0476479 0.140599
0 0.0294867 0.826896 0.0563443 0.1715
0 0.44265 0.913553 0.154873 0.16144
0 0.637061 0.356688 0.184347 0.251251
0 0.0173316 0.685784 0.0346633 0.122374
0 0.737093 0.317072 0.117149 0.176478
0 0.0383296 0.70769 0.0733861 0.1547
0 0.0236584 0.704722 0.0450977 0.147706
0 0.613136 0.33882 0.226467 0.274748
0 0.756298 0.327906 0.0738583 0.165935
0 0.677357 0.330291 0.126095 0.203601
0 0.0315742 0.786168 0.0628432 0.150878
1 0.553245 0.358363 0.105949 0.0558631
0 0.0392334 0.752123 0.0784668 0.225691
0 0.293233 0.644941 0.0946329 0.138544
0 0.944132 0.307249 0.101122 0.144248
1 0.562496 0.357204 0.114598 0.0827325
0 0.278205 0.623363 0.092342 0.148586
