0 0.93365 0.313024 0.131269 0.178741
0 0.571276 0.356667 0.152057 0.186372
0 0.498731 0.0949908 0.138856 0.146585
0 0.496257 0.213559 0.113107 0.142508
1 0.626768 0.620178 0.163026 0.130065
0 0.0935045 0.873352 0.146563 0.167356
2 0.475382 0.823623 0.0488169 0.140406
1 0.34571 0.603522 0.154584 0.122996
0 0.968483 0.530349 0.0629865 0.147022
1 0.268154 0.450167 0.149463 0.112058
1 0.82918 0.818316 0.0443745 0.0591756
1 0.675763 0.0368237 0.122229 0.0736473
1 0.660422 0.0328114 0.132548 0.0534909
1 0.691025 0.14867 0.0528572 0.0811664
1 0.837354 0.826366 0.0649364 0.0784678
1 0.91684 0.0290493 0.11877 0.0492027
1 0.347217 0.602947 0.143466 0.0900063
0 0.501212 0.201829 0.0936413 0.120787
1 0.647917 0.0288593 0.114644 0.0450783
0 0.171722 0.57872 0.0640577 0.127979
1 0.897847 0.0238238 0.127112 0.0399774
0 0.978952 0.940103 0.0418981 0.119794
1 0.255688 0.450383 0.135266 0.0884532
1 0.396593 0.637371 0.128939 0.0878026
0 0.946014 0.31902 0.101346 0.146502
1 0.613616 0.616423 0.144679 0.100434
1 0.73426 0.785172 0.0370672 0.0756755
1 0.926143 0.0321728 0.106748 0.0643456
1 0.682808 0.0325106 0.111183 0.0565031
0 0.131575 0.106817 0.0611506 0.0786698
0 0.500908 0.147154 0.129131 0.244687
1 0.657133 0.646796 0.147644 0.10208
