2 0.463299 0.699419 0.0459821 0.128154
0 0.795462 0.131778 0.140427 0.182761
0 0.746677 0.529611 0.143062 0.1821
0 0.158318 0.886859 0.142634 0.181575
1 0.401992 0.823831 0.16937 0.128016
1 0.242196 0.63964 0.173054 0.133089
0 0.494523 0.0926436 0.12312 0.18379
1 0.258049 0.538215 0.133261 0.127874
0 0.805254 0.419012 0.201851 0.268859
1 0.558966 0.791771 0.149896 0.120598
1 0.75622 0.768672 0.14305 0.116885
1 0.0694572 0.665957 0.138834 0.110238
0 0.377359 0.225451 0.180735 0.263835
1 0.892124 0.937302 0.14049 0.104003
0 0.826726 0.43598 0.164758 0.240567
0 0.349289 0.203342 0.227015 0.287844
1 0.746116 0.959922 0.144855 0.0792447
1 0.440062 0.956234 0.0505494 0.0728858
0 0.0115579 0.0789847 0.0230003 0.157969
0 0.786208 0.374458 0.239944 0.238179
1 0.400048 0.821174 0.152324 0.098936
0 0.327187 0.167687 0.205839 0.238621
1 0.54748 0.785217 0.134126 0.0867232
0 0.9645 0.0647031 0.070999 0.110288
1 0.532883 0.67085 0.0838383 0.0964364
0 0.0133072 0.900438 0.0253843 0.0947664
1 0.518021 0.663021 0.112428 0.10484
0 0.984059 0.0985002 0.0318826 0.159424
1 0.242728 0.643795 0.154447 0.103025
1 0.580127 0.811728 0.137883 0.0917615
0 0.758498 0.532068 0.11216 0.160153
1 0.0607937 0.659722 0.107911 0.0825907
1 0.902589 0.947641 0.121351 0.0868364
0 0.958016 0.0530257 0.0807703 0.0866315
0 0.758895 0.355286 0.195333 0.222827
1 0.758494 0.969287 0.132299 0.0614253
0 0.495505 0.0730824 0.114942 0.134787
1 0.754046 0.769276 0.121898 0.0895687
1 0.253853 0.536924 0.121621 0.0924137
1 0.420551 0.832242 0.147152 0.104481
1 0.257298 0.653835 0.149038 0.102266
1 0.767899 0.780652 0.127729 0.105451
0 0.0249485 0.0767871 0.0498969 0.153574
1 0.285622 0.226102 0.109493 0.0614167
1 0.040498 0.969746 0.080996 0.0605082
