2 0.5146 0.70519 0.0473665 0.144266
0 0.510048 0.394768 0.142228 0.184314
0 0.170739 0.549244 0.146163 0.180651
0 0.850544 0.220029 0.108748 0.155918
0 0.308058 0.397721 0.141584 0.173472
0 0.625258 0.853517 0.144159 0.163366
0 0.67445 0.0655421 0.140583 0.131084
0 0.846756 0.205214 0.0942837 0.120418
0 0.641591 0.863539 0.109794 0.160181
0 0.619998 0.824405 0.126282 0.0954513
0 0.63514 0.830265 0.0970948 0.0986591
0 0.323943 0.396605 0.113917 0.144543
0 0.861789 0.230957 0.087874 0.147663
0 0.334458 0.412887 0.0971028 0.162834
0 0.606844 0.838303 0.107761 0.127548
0 0.319196 0.377865 0.115264 0.111191
