0 0.400717 0.885307 0.146033 0.182631
2 0.542476 0.63256 0.0428234 0.127814
1 0.335629 0.0579229 0.16585 0.115846
1 0.182438 0.511323 0.145679 0.122397
1 0.470703 0.223124 0.14295 0.110114
0 0.0188859 0.69711 0.0376852 0.184375
1 0.916941 0.316087 0.157998 0.129644
1 0.813963 0.380832 0.144787 0.116189
1 0.630125 0.18778 0.141713 0.118684
1 0.180938 0.0897276 0.146949 0.111261
1 0.957237 0.86456 0.0845075 0.088766
1 0.13949 0.387748 0.140938 0.111513
1 0.627357 0.612531 0.137133 0.106689
1 0.504947 0.660868 0.134089 0.0914478
1 0.545022 0.372053 0.052182 0.0749173
1 0.0511829 0.957077 0.0959217 0.0714993
1 0.814808 0.383617 0.130273 0.0872642
1 0.150298 0.394262 0.114167 0.0923433
1 0.490969 0.656122 0.107829 0.077306
1 0.625192 0.608112 0.118712 0.0857067
1 0.928738 0.32867 0.141639 0.106838
1 0.953016 0.697072 0.0891914 0.0499103
1 0.770948 0.581276 0.147479 0.0800125
1 0.773759 0.56154 0.146621 0.0896554
1 0.171526 0.0816315 0.124856 0.0847065
1 0.93804 0.344533 0.123921 0.105205
1 0.191988 0.516813 0.131082 0.0884894
1 0.290265 0.38936 0.0826988 0.0693162
1 0.354874 0.424466 0.0759644 0.0547106
0 0.0158953 0.689038 0.0317907 0.146341
1 0.69193 0.440156 0.0496138 0.0760118
1 0.505681 0.488973 0.0716975 0.0689496
1 0.358891 0.0690965 0.135991 0.105647
1 0.64266 0.200589 0.125925 0.106174
1 0.780861 0.61313 0.100179 0.0748663
1 0.768845 0.609881 0.140077 0.0893005
