0 0.911945 0.383172 0.175878 0.253056
1 0.690648 0.855756 0.13947 0.124405
2 0.449909 0.925421 0.0462553 0.13765
0 0.599167 0.347761 0.202155 0.188861
1 0.434576 0.742287 0.134797 0.108976
1 0.351769 0.808035 0.160652 0.114406
1 0.187798 0.631246 0.141561 0.111778
1 0.668367 0.95042 0.146836 0.0963711
0 0.137863 0.05713 0.0741755 0.11426
1 0.668997 0.956139 0.130727 0.0739733
0 0.622023 0.368319 0.230287 0.219457
1 0.436258 0.739899 0.122289 0.0800646
1 0.0197442 0.96822 0.0374384 0.0567858
0 0.848161 0.244967 0.123386 0.13956
0 0.56996 0.329116 0.131731 0.138286
1 0.298051 0.95832 0.0999735 0.0604641
1 0.186141 0.631605 0.123557 0.0848281
2 0.443854 0.929138 0.0392429 0.122113
1 0.347616 0.809205 0.139803 0.0918823
1 0.0311371 0.966884 0.0595714 0.0500545
1 0.688827 0.857902 0.120911 0.0847831
0 0.137124 0.0383278 0.0723928 0.0698371
1 0.050522 0.970657 0.101044 0.0515998
