0 0.33924 0.562885 0.186961 0.239908
2 0.543358 0.676556 0.0415448 0.135728
0 0.960986 0.450779 0.0780273 0.189621
0 0.0874061 0.0628982 0.0918128 0.125796
1 0.328802 0.930677 0.1446 0.112569
0 0.726331 0.414903 0.141299 0.22555
1 0.302643 0.802657 0.13833 0.114878
1 0.792761 0.0939008 0.147144 0.112925
0 0.0749837 0.0658103 0.125593 0.131621
0 0.217138 0.400026 0.172401 0.137656
0 0.101748 0.0653376 0.0690509 0.130675
1 0.63328 0.943371 0.149756 0.100338
1 0.890431 0.0237776 0.114735 0.038616
0 0.983889 0.447941 0.0320139 0.198344
2 0.612493 0.499046 0.0283258 0.0729299
1 0.0513987 0.887981 0.0980676 0.0597266
0 0.225309 0.385876 0.166469 0.0934249
1 0.301905 0.804676 0.110415 0.0944929
1 0.332821 0.93302 0.128238 0.0866682
0 0.122702 0.959971 0.106641 0.0800571
0 0.561418 0.104931 0.0537551 0.0816395
0 0.0256215 0.0190592 0.048051 0.0381185
0 0.320017 0.541562 0.227058 0.258093
1 0.338221 0.817355 0.0390693 0.0618449
0 0.050836 0.0418934 0.0999636 0.0837867
1 0.800428 0.103811 0.120341 0.11
1 0.707745 0.171448 0.0516652 0.0812697
1 0.630416 0.946434 0.125552 0.078517
0 0.70917 0.173808 0.0541243 0.0801646
0 0.960036 0.434926 0.0760231 0.133886
1 0.644916 0.954637 0.134558 0.0731893
0 0.170477 0.402768 0.0903212 0.143073
1 0.905347 0.0294055 0.105954 0.0446875
0 0.0153563 0.0489805 0.0306533 0.0979609
1 0.0578843 0.889709 0.114132 0.0738895
1 0.61442 0.943552 0.129808 0.0885659
