0 0.298352 0.579129 0.142681 0.182245
0 0.696035 0.132001 0.137638 0.178341
0 0.712631 0.457871 0.163096 0.19278
0 0.100849 0.58967 0.137065 0.174124
0 0.185144 0.92203 0.140522 0.13151
2 0.49268 0.771751 0.0451531 0.140564
0 0.955626 0.947298 0.088597 0.102984
2 0.480475 0.259493 0.0329201 0.0610213
0 0.839449 0.0969594 0.0965019 0.138284
0 0.133428 0.237135 0.173156 0.182589
0 0.825014 0.0941058 0.0660684 0.123436
0 0.195954 0.914896 0.100721 0.102078
0 0.183794 0.261441 0.0724793 0.110341
0 0.10345 0.226951 0.2069 0.199319
0 0.205113 0.930392 0.10948 0.11834
0 0.929181 0.623603 0.140867 0.237347
