0 0.261447 0.668457 0.136897 0.168709
0 0.180481 0.322884 0.132725 0.175731
0 0.769138 0.804739 0.147449 0.185249
2 0.491194 0.781432 0.04516 0.141272
0 0.295352 0.273849 0.157995 0.190264
0 0.280664 0.870887 0.212828 0.238626
0 0.80248 0.968564 0.125693 0.0587667
0 0.265575 0.0610123 0.0957554 0.121151
0 0.670209 0.101013 0.19701 0.20164
0 0.260956 0.83045 0.226694 0.2386
0 0.315089 0.878953 0.159483 0.223068
0 0.797035 0.946169 0.129035 0.0969377
0 0.727878 0.121473 0.200317 0.233274
0 0.248244 0.0611754 0.133952 0.122351
0 0.205465 0.309286 0.0943947 0.203748
