2 0.438775 0.685225 0.0455357 0.131251
0 0.829115 0.781628 0.146826 0.185825
0 0.255723 0.306668 0.115317 0.17227
0 0.195272 0.0829995 0.159252 0.165999
0 0.51596 0.301208 0.203221 0.244042
0 0.911912 0.472445 0.175976 0.25296
1 0.186433 0.621148 0.153962 0.114508
1 0.628458 0.926644 0.149279 0.108748
1 0.525869 0.778622 0.150258 0.12292
1 0.269139 0.753643 0.145851 0.0932665
1 0.521254 0.772183 0.136452 0.0944988
0 0.341786 0.865224 0.0998584 0.164011
1 0.935767 0.958037 0.111879 0.062852
1 0.619869 0.921118 0.131468 0.082557
0 0.22453 0.87282 0.21992 0.231702
0 0.0174984 0.404754 0.0349968 0.154665
1 0.648848 0.939079 0.147459 0.0902751
1 0.29187 0.759537 0.189442 0.112555
0 0.358901 0.876042 0.0684633 0.161604
1 0.255183 0.748546 0.127041 0.0735606
0 0.317755 0.927545 0.060778 0.128533
1 0.665005 0.955139 0.133461 0.0673109
0 0.970172 0.0426021 0.0596564 0.0784498
0 0.317434 0.911128 0.0696314 0.160209
0 0.489445 0.266071 0.220974 0.256014
