0 0.531897 0.0983949 0.151851 0.17941
0 0.106564 0.530559 0.124914 0.182954
0 0.847094 0.758747 0.14462 0.170107
0 0.813646 0.540217 0.144321 0.182318
0 0.390753 0.748333 0.20222 0.234472
0 0.642036 0.573724 0.146195 0.182435
2 0.513732 0.715437 0.042906 0.143515
0 0.0204833 0.377009 0.0409665 0.18191
0 0.340334 0.925022 0.122942 0.125791
0 0.210617 0.955298 0.125839 0.0845962
0 0.84892 0.90827 0.173551 0.163604
0 0.0168369 0.368461 0.0335434 0.230861
0 0.959342 0.915902 0.0813152 0.168196
0 0.961041 0.892558 0.0740673 0.111159
0 0.895775 0.913794 0.204744 0.169284
0 0.94351 0.170236 0.112981 0.221033
0 0.821122 0.900225 0.228197 0.180196
0 0.106797 0.527944 0.103948 0.152768
0 0.835624 0.782368 0.15959 0.153248
0 0.0129417 0.378947 0.0258833 0.217559
0 0.225939 0.962033 0.0915822 0.0723448
