0 0.3002 0.261094 0.145424 0.188158
2 0.499714 0.737659 0.0398296 0.113731
0 0.121497 0.359791 0.204133 0.241472
0 0.0811722 0.670801 0.15348 0.175804
0 0.573838 0.582527 0.183743 0.210827
0 0.523054 0.883452 0.148282 0.178348
0 0.269326 0.85593 0.138835 0.151039
0 0.975467 0.355607 0.0483917 0.158365
0 0.344958 0.583066 0.0981093 0.173968
0 0.49907 0.060701 0.147316 0.121402
2 0.500151 0.721868 0.0342905 0.0864407
0 0.982831 0.0669579 0.0343386 0.133916
0 0.965455 0.347364 0.028797 0.133351
0 0.968953 0.0505612 0.0620936 0.100194
0 0.553422 0.56497 0.209709 0.247311
0 0.3226 0.582339 0.140755 0.179441
0 0.346985 0.976496 0.0715799 0.0470077
0 0.342708 0.973551 0.0869757 0.0455613
0 0.25086 0.829373 0.0969357 0.108663
0 0.975306 0.376318 0.0492481 0.232075
0 0.10662 0.328856 0.212758 0.251311
0 0.55311 0.456294 0.180559 0.125722
