0 0.815488 0.462494 0.160752 0.174906
0 0.734609 0.847182 0.112979 0.163524
0 0.541646 0.552395 0.150101 0.187044
0 0.276548 0.110482 0.114431 0.162916
0 0.779727 0.750896 0.138733 0.174827
0 0.716268 0.309016 0.111373 0.160526
2 0.502091 0.73759 0.0515039 0.137438
0 0.955155 0.750533 0.0896908 0.185494
0 0.757626 0.796379 0.120843 0.101235
0 0.607848 0.120364 0.240007 0.217528
0 0.574065 0.11939 0.17187 0.209628
1 0.0639348 0.88392 0.127051 0.100734
1 0.845745 0.0213254 0.0873344 0.0369544
1 0.0580212 0.877476 0.10641 0.0709886
0 0.0110796 0.054179 0.0221593 0.105358
0 0.0124969 0.71929 0.0248803 0.135812
0 0.743563 0.81621 0.128162 0.227096
0 0.728065 0.840641 0.0914305 0.135145
0 0.565068 0.557943 0.101426 0.1671
0 0.645284 0.13502 0.170874 0.211996
1 0.835751 0.0180138 0.108239 0.0360275
0 0.0209244 0.062673 0.0393696 0.093158
1 0.074011 0.895454 0.135086 0.0927152
0 0.26519 0.107323 0.0866533 0.134318
