0 0.305833 0.0337323 0.266335 0.0674646
0 0.736726 0.0294939 0.288829 0.0589878
0 0.0671778 0.542722 0.134356 0.0787504
0 0.498084 0.0975643 0.261769 0.0794941
0 0.956997 0.559687 0.0860068 0.0727966
0 0.304734 0.7097 0.185408 0.0716529
0 0.886967 0.501226 0.226065 0.0772208
0 0.12758 0.733249 0.255161 0.0739789
0 0.467154 0.626873 0.388324 0.119365
1 0.290606 0.225696 0.235617 0.0481863
0 0.765333 0.628873 0.25069 0.0787203
1 0.772043 0.23726 0.241825 0.0497827
2 0.124763 0.935299 0.0640294 0.0483623
1 0.376475 0.145679 0.288867 0.0553559
1 0.369446 0.18975 0.255697 0.0528642
1 0.930406 0.212042 0.139188 0.0342417
1 0.877917 0.29519 0.244165 0.042211
2 0.123501 0.920205 0.0800798 0.0745079
1 0.363854 0.186924 0.215297 0.0412756
2 0.730931 0.414092 0.0720523 0.0500297
0 0.586755 0.643311 0.166041 0.0812009
2 0.71037 0.414806 0.0571778 0.058771
0 0.122615 0.732103 0.208162 0.0602418
0 0.526738 0.631331 0.278872 0.120195
0 0.497289 0.674733 0.065021 0.063238
0 0.14017 0.721169 0.279236 0.0922172
1 0.310998 0.199282 0.275872 0.044153
0 0.542166 0.638039 0.227264 0.0837599
0 0.930548 0.508934 0.138905 0.0926262
0 0.488291 0.0927694 0.215863 0.0649699
0 0.884731 0.499421 0.199714 0.0620123
0 0.907338 0.503631 0.183962 0.0631731
0 0.800728 0.631094 0.190992 0.0737283
0 0.763621 0.0247635 0.233378 0.0481206
1 0.783189 0.238319 0.210709 0.0397478
1 0.381187 0.174674 0.309925 0.0529003
0 0.325047 0.0310046 0.198626 0.0617798
