0 0.120231 0.788922 0.240463 0.0762456
0 0.856216 0.963446 0.264818 0.069853
0 0.590478 0.572475 0.253255 0.0788502
0 0.808917 0.325123 0.251461 0.078305
1 0.543969 0.173249 0.208859 0.0342716
0 0.107229 0.879159 0.214457 0.0824287
2 0.536296 0.645292 0.0729372 0.0644933
1 0.740604 0.242153 0.232139 0.038314
1 0.442692 0.97692 0.304297 0.044519
0 0.497707 0.333293 0.256417 0.0833701
1 0.148379 0.985678 0.215207 0.0284651
0 0.129451 0.43365 0.258902 0.0862117
0 0.128302 0.415377 0.256604 0.0506292
0 0.534386 0.335329 0.16882 0.0746401
1 0.419952 0.974756 0.244797 0.0383175
0 0.118392 0.413627 0.219498 0.0409658
0 0.796769 0.0318686 0.283435 0.0458583
1 0.774551 0.244716 0.3052 0.0465524
1 0.47644 0.97995 0.292438 0.0397926
0 0.804948 0.322592 0.203646 0.0641391
0 0.813818 0.0376146 0.230755 0.0374972
1 0.781547 0.245142 0.272078 0.0324119
1 0.955677 0.224919 0.088645 0.0380943
0 0.841825 0.961665 0.196954 0.0588719
1 0.89701 0.260492 0.142665 0.0315369
0 0.558357 0.341434 0.132793 0.0654626
0 0.827811 0.327539 0.187307 0.071495
1 0.388479 0.970897 0.210345 0.0328217
0 0.608395 0.573667 0.183604 0.067055
0 0.0944477 0.786024 0.18734 0.0650081
0 0.844531 0.0383281 0.173964 0.0418817
1 0.5682 0.177546 0.216344 0.0419376
0 0.09776 0.876025 0.189644 0.0642677
0 0.0240576 0.539999 0.0481152 0.075848
0 0.118305 0.834531 0.236611 0.0322243
