0 0.473012 0.246908 0.247721 0.077827
0 0.877883 0.160036 0.244234 0.0739502
2 0.525878 0.651233 0.077958 0.0691805
0 0.685841 0.399526 0.376375 0.0981155
1 0.400115 0.752432 0.287981 0.0485168
0 0.0965181 0.830628 0.160028 0.0584665
1 0.518354 0.815916 0.235989 0.0449196
0 0.632959 0.338355 0.160539 0.0367896
0 0.102628 0.841377 0.180229 0.0792696
0 0.714394 0.0961116 0.236118 0.0703995
1 0.265895 0.0185343 0.222143 0.0366616
0 0.0418798 0.556148 0.0837596 0.0838007
0 0.0433872 0.877367 0.0867744 0.0746425
0 0.0913233 0.825019 0.141663 0.0417743
0 0.0671666 0.561361 0.134333 0.0760052
0 0.630458 0.368465 0.243647 0.0600764
1 0.953799 0.823636 0.0924021 0.0381608
1 0.405018 0.753286 0.314317 0.0635836
0 0.870262 0.160929 0.205735 0.059404
0 0.261885 0.0203756 0.255016 0.0407512
0 0.642851 0.340414 0.185335 0.0476645
0 0.659975 0.396438 0.292713 0.114194
1 0.850969 0.887637 0.14292 0.0335539
0 0.63858 0.391126 0.259269 0.0743038
