0 0.0885526 0.918738 0.177105 0.0753059
0 0.289865 0.219141 0.253447 0.0797454
0 0.44806 0.825269 0.250875 0.0802555
0 0.12698 0.15151 0.25396 0.0757224
0 0.892704 0.608541 0.214439 0.0796061
0 0.610807 0.072532 0.21256 0.0771105
0 0.782243 0.631231 0.201663 0.07139
1 0.424403 0.431286 0.235175 0.043694
0 0.864303 0.545176 0.271394 0.0707504
0 0.915948 0.608974 0.168104 0.0710758
1 0.293713 0.335744 0.296741 0.031653
1 0.217293 0.365375 0.339744 0.0638148
0 0.890758 0.598219 0.214848 0.0547044
1 0.30527 0.32615 0.289033 0.0528323
1 0.902001 0.490279 0.195997 0.0486865
1 0.742116 0.421455 0.322115 0.0574495
0 0.863597 0.985989 0.225446 0.0277641
1 0.869415 0.392474 0.259408 0.0467002
1 0.207637 0.360559 0.276332 0.0457058
1 0.735526 0.420678 0.277365 0.0438742
0 0.446798 0.82379 0.199006 0.0686369
2 0.536934 0.642912 0.0749448 0.0614351
0 0.773743 0.628082 0.23287 0.0924137
1 0.293938 0.324065 0.266524 0.0380878
0 0.835935 0.543824 0.184857 0.0625919
1 0.905925 0.376438 0.183992 0.0321438
0 0.871607 0.97804 0.256786 0.04149
1 0.628026 0.335405 0.151385 0.0256632
0 0.963881 0.0290393 0.0722376 0.0580786
0 0.126604 0.138127 0.253207 0.0640601
