0 0.81053 0.441641 0.37212 0.115512
0 0.399752 0.769466 0.254193 0.0772397
0 0.587275 0.332526 0.244739 0.0737195
0 0.892691 0.28376 0.214618 0.0855138
0 0.150888 0.19836 0.264443 0.0796613
0 0.650799 0.0312448 0.260266 0.0624895
0 0.621317 0.751364 0.264443 0.0779011
1 0.100887 0.88368 0.19678 0.039864
0 0.51344 0.597317 0.281315 0.0753346
1 0.693005 0.957311 0.323377 0.0593975
1 0.314394 0.960935 0.327048 0.0612323
0 0.578208 0.331023 0.200335 0.0603078
1 0.313752 0.958246 0.285279 0.046282
1 0.397933 0.87792 0.284981 0.0471806
1 0.934785 0.941204 0.13043 0.0428543
0 0.665294 0.0264992 0.205921 0.0529985
1 0.11575 0.889248 0.231501 0.0459121
1 0.700947 0.958474 0.282389 0.0457936
0 0.569896 0.603752 0.180325 0.0792689
0 0.146462 0.192981 0.213413 0.0667534
0 0.0649558 0.394433 0.129912 0.0453771
0 0.185053 0.202083 0.193631 0.0774523
0 0.894229 0.280841 0.186544 0.067096
0 0.526413 0.635494 0.0622225 0.0491679
0 0.601957 0.60574 0.113975 0.075587
1 0.733418 0.96253 0.278965 0.0498356
0 0.851195 0.45318 0.279129 0.0885476
0 0.541518 0.61121 0.0980459 0.0771299
0 0.500173 0.593028 0.238763 0.0620687
0 0.41463 0.768971 0.207291 0.0653875
1 0.682166 0.952356 0.259772 0.0404103
