0 0.718419 0.893568 0.275357 0.081752
0 0.94112 0.561057 0.11776 0.079509
0 0.86364 0.320492 0.265757 0.0801014
0 0.241571 0.476034 0.262208 0.0806836
0 0.906371 0.645229 0.187259 0.0753094
0 0.872473 0.771191 0.251383 0.0753719
0 0.0475587 0.805683 0.0951174 0.0912271
0 0.0715271 0.615194 0.143054 0.0875835
0 0.766812 0.578576 0.261106 0.0780213
1 0.900731 0.164061 0.198537 0.0469144
2 0.483921 0.623473 0.0771627 0.0662058
0 0.0637138 0.48964 0.127428 0.0800861
0 0.378594 0.304717 0.208347 0.0802359
0 0.219251 0.332413 0.201786 0.0733584
0 0.17216 0.555761 0.248609 0.0729854
0 0.363894 0.973655 0.284169 0.048959
1 0.519078 0.0669944 0.23456 0.0458384
1 0.372723 0.0954871 0.25932 0.0546564
0 0.306017 0.311857 0.169325 0.079577
0 0.168675 0.547021 0.224433 0.0470761
1 0.500866 0.159698 0.189884 0.0343369
0 0.408047 0.976117 0.20935 0.047766
0 0.846914 0.317276 0.199091 0.0680369
0 0.920482 0.639204 0.159037 0.0544674
1 0.44953 0.15804 0.270479 0.0363814
0 0.230473 0.469206 0.210924 0.0611517
1 0.403804 0.153173 0.34528 0.0663905
0 0.0280674 0.492258 0.0561347 0.0731096
1 0.523443 0.16034 0.156929 0.0404331
2 0.473679 0.626364 0.0703691 0.0751755
0 0.878608 0.774737 0.189806 0.0734335
1 0.491677 0.0777686 0.231287 0.0559277
0 0.271037 0.477163 0.196328 0.0736334
0 0.214383 0.560666 0.187714 0.0731216
0 0.335683 0.306928 0.281262 0.0848008
0 0.799571 0.617097 0.307246 0.108835
1 0.286598 0.134862 0.146371 0.037248
0 0.185897 0.479741 0.180171 0.0919313
