0 0.765256 0.940516 0.250057 0.0801117
0 0.510468 0.774989 0.258875 0.0800877
0 0.74578 0.37865 0.25684 0.100363
0 0.0648124 0.848441 0.129625 0.0702481
0 0.714054 0.707256 0.247606 0.080744
0 0.39238 0.711167 0.274925 0.0702091
0 0.0766061 0.902025 0.152867 0.0741991
1 0.0709122 0.463454 0.141824 0.0441881
1 0.629795 0.532298 0.32376 0.063178
2 0.485242 0.621751 0.0724017 0.0639491
0 0.240731 0.026236 0.197882 0.0524719
1 0.789353 0.318573 0.326299 0.0588494
1 0.673712 0.585456 0.328117 0.0620711
1 0.627754 0.485027 0.258194 0.0525435
0 0.13674 0.0373849 0.154631 0.044459
0 0.13059 0.0402494 0.172425 0.0606779
0 0.228857 0.965445 0.249959 0.0646674
0 0.0706922 0.874656 0.141384 0.129388
1 0.625028 0.484575 0.228789 0.0409023
0 0.303668 0.968887 0.110548 0.0620849
1 0.933471 0.38778 0.133059 0.0411202
0 0.0569312 0.896327 0.113862 0.0808172
1 0.677621 0.584047 0.283801 0.0466287
1 0.625603 0.529684 0.28956 0.0493099
1 0.761115 0.314138 0.278108 0.0446406
0 0.216135 0.954726 0.218172 0.0440544
2 0.462303 0.92445 0.0696535 0.0283297
0 0.136725 0.0733289 0.10889 0.0382351
1 0.708887 0.588184 0.272302 0.0498206
1 0.953929 0.528395 0.0921414 0.0492458
1 0.826427 0.325862 0.288426 0.0514942
1 0.658763 0.536593 0.280789 0.051977
0 0.118549 0.0730429 0.158161 0.0373427
0 0.69561 0.379171 0.363052 0.10318
0 0.183568 0.0271093 0.20336 0.0502468
1 0.888422 0.386091 0.223157 0.0386458
0 0.219065 0.0286234 0.261771 0.0572468
0 0.203597 0.0220026 0.234813 0.0434633
1 0.661129 0.57652 0.270513 0.046263
0 0.977617 0.0899881 0.0447662 0.0490781
0 0.134527 0.0518161 0.168468 0.0797183
1 0.847422 0.332485 0.269306 0.04071
0 0.971278 0.108676 0.0574443 0.0498509
1 0.914363 0.657907 0.0759745 0.0333996
0 0.137143 0.0590979 0.196521 0.1084
1 0.881751 0.332026 0.21146 0.0458966
0 0.378763 0.711052 0.212768 0.0583774
0 0.921444 0.0214468 0.157112 0.0428935
0 0.131591 0.0668675 0.130371 0.0612237
