0 0.846071 0.83239 0.139755 0.170636
0 0.12706 0.283589 0.112782 0.168562
0 0.4399 0.325924 0.152993 0.187982
0 0.879453 0.524393 0.147152 0.177064
0 0.643133 0.310237 0.112097 0.171916
0 0.977362 0.681146 0.0451038 0.212139
0 0.742801 0.644739 0.188935 0.223491
2 0.522526 0.678643 0.0453674 0.13977
0 0.798633 0.961497 0.0994869 0.0770053
0 0.976471 0.948903 0.0467102 0.102194
0 0.181286 0.58591 0.220316 0.213546
0 0.0654523 0.75576 0.117276 0.120259
0 0.96108 0.337227 0.0778168 0.241996
0 0.186921 0.0491579 0.165862 0.0983158
0 0.203198 0.599527 0.227642 0.255102
1 0.683837 0.172368 0.0513103 0.0823024
0 0.852167 0.830605 0.114315 0.133666
0 0.235385 0.603779 0.172521 0.246474
0 0.174193 0.558302 0.193386 0.169672
1 0.228167 0.670044 0.092887 0.0469486
0 0.0192503 0.443886 0.0381951 0.163918
