0 0.701826 0.659393 0.139702 0.176762
0 0.163812 0.515068 0.111083 0.163184
0 0.474698 0.345823 0.125987 0.17437
0 0.262739 0.457635 0.134779 0.186455
0 0.770428 0.375203 0.113096 0.161586
0 0.331003 0.171039 0.114079 0.165577
2 0.473938 0.659494 0.0470335 0.142441
1 0.340452 0.840796 0.157021 0.117451
1 0.295068 0.927745 0.142736 0.117411
1 0.0571634 0.812169 0.114327 0.0989434
0 0.180053 0.0481317 0.130038 0.0962633
1 0.321623 0.880866 0.180932 0.0603146
2 0.657694 0.165517 0.0324394 0.11093
0 0.198436 0.0503156 0.0961911 0.100631
1 0.0693464 0.655757 0.0688489 0.0523762
0 0.222602 0.463397 0.0613925 0.195119
0 0.763804 0.365678 0.0899805 0.136873
1 0.514345 0.85396 0.0721285 0.0737651
1 0.306561 0.938105 0.125946 0.0996945
1 0.0693726 0.829976 0.120008 0.0899177
1 0.581592 0.894639 0.0682585 0.0508267
0 0.184595 0.0403887 0.107802 0.0672599
