0 0.712968 0.634104 0.112759 0.161247
0 0.827829 0.375231 0.112078 0.166177
0 0.202159 0.299883 0.143707 0.158836
0 0.640435 0.505869 0.138658 0.153566
0 0.700273 0.926981 0.16057 0.135126
0 0.181482 0.173079 0.143799 0.150701
0 0.624175 0.371976 0.14236 0.143307
0 0.617229 0.776083 0.193846 0.214103
0 0.177662 0.567109 0.200266 0.198831
2 0.526331 0.6464 0.0482281 0.135627
0 0.0178862 0.803302 0.0357725 0.110313
0 0.223978 0.604436 0.201015 0.252849
0 0.267744 0.431165 0.122979 0.160834
2 0.766328 0.162413 0.0323705 0.0648235
0 0.296673 0.434103 0.0624546 0.16029
0 0.423143 0.962624 0.106162 0.0684903
0 0.199764 0.582461 0.231267 0.240814
0 0.150209 0.547777 0.131487 0.135854
0 0.629633 0.420938 0.141475 0.0811954
0 0.639101 0.362739 0.0886945 0.105998
0 0.64197 0.378337 0.106521 0.129843
0 0.652395 0.513876 0.16724 0.182345
1 0.829789 0.527 0.0392673 0.0636448
0 0.174883 0.164441 0.121509 0.115269
1 0.736901 0.280357 0.050666 0.0801831
