1 0.133526 0.241054 0.170169 0.137946
1 0.590071 0.346154 0.174074 0.131304
2 0.48965 0.696502 0.0428573 0.149649
1 0.375224 0.0506856 0.169528 0.101371
1 0.557221 0.22962 0.14868 0.12546
1 0.77837 0.642285 0.143102 0.121411
1 0.167627 0.676524 0.141074 0.115388
1 0.191615 0.0638749 0.164599 0.119493
1 0.895223 0.384929 0.143363 0.114686
1 0.788829 0.228696 0.148901 0.120188
1 0.618966 0.468932 0.145724 0.118384
1 0.778924 0.950023 0.146841 0.0999539
1 0.127529 0.346862 0.191331 0.143269
1 0.482244 0.506749 0.144949 0.118112
1 0.743433 0.732378 0.147554 0.119873
1 0.49525 0.827133 0.13942 0.119824
1 0.0736304 0.843864 0.144243 0.123469
1 0.419986 0.585913 0.146922 0.116797
1 0.130287 0.764905 0.143281 0.119941
1 0.428991 0.900944 0.14226 0.112944
1 0.365586 0.958991 0.144766 0.0820186
1 0.779627 0.955223 0.131867 0.0777605
1 0.426878 0.917695 0.151965 0.0966414
1 0.0516636 0.410754 0.101943 0.104766
1 0.271123 0.634357 0.0519487 0.0818991
1 0.417042 0.705366 0.0538118 0.0838572
1 0.123561 0.801435 0.154597 0.0800627
1 0.620952 0.472429 0.130344 0.0923468
1 0.493462 0.83027 0.128118 0.0880273
1 0.199703 0.0702247 0.149893 0.091168
1 0.780219 0.645257 0.130296 0.0899763
1 0.362386 0.96257 0.120536 0.0716309
1 0.756233 0.656136 0.144481 0.123014
1 0.486974 0.512262 0.132645 0.0899882
1 0.745894 0.737732 0.131171 0.0919922
1 0.55699 0.228238 0.131841 0.0935818
1 0.421871 0.586427 0.127514 0.0933882
1 0.359006 0.0415421 0.158258 0.0830842
1 0.148038 0.74766 0.180179 0.168194
1 0.39514 0.0533598 0.137235 0.101286
1 0.065151 0.403071 0.113648 0.112343
1 0.581361 0.342958 0.150146 0.0900699
1 0.133466 0.244212 0.157689 0.100756
1 0.369263 0.0541901 0.19285 0.10838
