2 0.497448 0.672885 0.0457215 0.142577
0 0.62785 0.0957309 0.137397 0.169852
0 0.11689 0.898587 0.139669 0.176735
0 0.245721 0.855981 0.155421 0.185646
1 0.320636 0.300929 0.162326 0.124886
1 0.240587 0.472482 0.165597 0.124811
0 0.0428484 0.653451 0.0844243 0.178663
1 0.554838 0.512635 0.163907 0.132915
1 0.917019 0.573714 0.154958 0.115457
1 0.546767 0.822044 0.160918 0.12484
1 0.15656 0.644593 0.153094 0.124102
1 0.0678329 0.286323 0.135666 0.11939
1 0.626886 0.443767 0.13546 0.108179
1 0.603579 0.640767 0.149326 0.122314
1 0.945162 0.701089 0.109676 0.108769
1 0.278633 0.610483 0.0490774 0.0757475
1 0.157736 0.645785 0.142119 0.0913112
1 0.536017 0.818687 0.149695 0.0971113
1 0.972231 0.822267 0.0551992 0.100731
1 0.237132 0.471555 0.154585 0.0910653
1 0.31282 0.297695 0.151654 0.0896011
1 0.678725 0.37286 0.0499934 0.0779121
1 0.550465 0.510456 0.147386 0.102827
1 0.170797 0.65483 0.138011 0.0981181
1 0.0582881 0.278947 0.108764 0.0886647
1 0.606956 0.643912 0.137623 0.0918606
1 0.954266 0.697878 0.0890807 0.0906389
1 0.912646 0.568278 0.133613 0.0849194
1 0.579169 0.635198 0.196937 0.137104
1 0.604204 0.341215 0.0510808 0.0718285
2 0.278849 0.60978 0.0511978 0.0779572
1 0.580354 0.851654 0.142316 0.0913691
1 0.275586 0.502541 0.146267 0.0913893
1 0.639553 0.454877 0.127711 0.0965184
1 0.0665588 0.293171 0.133118 0.0845531
1 0.568696 0.535249 0.188855 0.115696
1 0.564894 0.835875 0.145587 0.0993707
1 0.256612 0.481132 0.150115 0.0995785
0 0.881872 0.0818828 0.0890984 0.076135
1 0.187419 0.664481 0.129264 0.0970464
1 0.930517 0.587655 0.137704 0.104794
0 0.0579125 0.669467 0.0501822 0.144837
1 0.350198 0.326575 0.154895 0.09422
1 0.589898 0.635069 0.141066 0.0939175
