0 0.735349 0.25389 0.139394 0.173727
0 0.732643 0.874596 0.134399 0.172803
0 0.189878 0.730168 0.147158 0.180888
2 0.55872 0.520615 0.0492123 0.128509
0 0.831278 0.395532 0.141512 0.169271
0 0.410585 0.204906 0.11896 0.175939
0 0.731651 0.752009 0.138604 0.126301
0 0.737143 0.618246 0.167593 0.17333
0 0.768482 0.620373 0.225619 0.182971
0 0.808312 0.67831 0.182241 0.251065
0 0.62644 0.916062 0.142714 0.144795
0 0.265234 0.247019 0.0510006 0.134549
1 0.553923 0.0374206 0.079159 0.0614771
0 0.235472 0.216223 0.109837 0.152617
0 0.427694 0.209639 0.0800156 0.164091
0 0.259151 0.23373 0.0606538 0.165341
0 0.777346 0.651542 0.241685 0.243692
1 0.620327 0.0667834 0.0706747 0.0563723
0 0.723562 0.602515 0.132735 0.106413
0 0.748121 0.709219 0.181339 0.219308
0 0.737329 0.739448 0.101357 0.0958123
1 0.852217 0.167251 0.0869308 0.0678295
0 0.408511 0.161905 0.0838639 0.085674
0 0.821256 0.387488 0.115303 0.137985
