0 0.328615 0.506483 0.14575 0.183801
0 0.30739 0.179199 0.115006 0.16621
2 0.51642 0.695941 0.0460615 0.143733
0 0.748135 0.382136 0.113097 0.166382
0 0.549735 0.400431 0.160506 0.189438
0 0.650534 0.231137 0.153486 0.176426
0 0.770157 0.693535 0.145341 0.158094
0 0.8265 0.825688 0.150079 0.152876
0 0.214942 0.0607149 0.158144 0.12143
0 0.749369 0.178067 0.153205 0.190079
0 0.0164852 0.452279 0.0329703 0.182339
1 0.734783 0.024095 0.0575257 0.0430069
1 0.962104 0.0263847 0.0757922 0.0416088
0 0.0170932 0.748858 0.0341864 0.13183
0 0.237799 0.0553938 0.110409 0.110453
1 0.956128 0.0228402 0.0877436 0.0456803
0 0.741839 0.375868 0.0928866 0.13439
