2 0.528503 0.648853 0.0460224 0.129168
0 0.630117 0.185842 0.163597 0.181921
1 0.43804 0.430151 0.162404 0.124243
0 0.658179 0.0602497 0.136077 0.120499
0 0.231647 0.72087 0.142013 0.15542
1 0.469829 0.548835 0.178505 0.121006
1 0.933915 0.877545 0.130934 0.106883
1 0.916029 0.656618 0.160139 0.122314
0 0.288686 0.631392 0.103144 0.154536
0 0.671893 0.917319 0.139946 0.152858
2 0.7839 0.478392 0.0311474 0.0603962
1 0.479387 0.67436 0.111353 0.0811639
1 0.53661 0.607223 0.0278936 0.0530921
1 0.528608 0.643189 0.0399479 0.116196
1 0.569436 0.723604 0.130536 0.0885312
1 0.457901 0.551197 0.149266 0.0989854
0 0.150026 0.0397315 0.103478 0.079463
1 0.940287 0.679589 0.11849 0.101952
1 0.430628 0.428012 0.148822 0.0882346
1 0.452551 0.434025 0.186348 0.156596
1 0.929591 0.667747 0.139685 0.0963721
1 0.553197 0.717409 0.14063 0.075905
0 0.296915 0.647097 0.0833102 0.147207
1 0.579887 0.732215 0.11613 0.0789079
0 0.253177 0.656351 0.153816 0.191748
1 0.915263 0.654091 0.136998 0.0780898
1 0.481696 0.55601 0.159018 0.0890218
0 0.309716 0.650249 0.0605875 0.149638
1 0.555526 0.60574 0.0492912 0.079402
1 0.479169 0.600435 0.174691 0.219513
1 0.485239 0.666649 0.139328 0.107516
0 0.111898 0.0626323 0.145776 0.125265
1 0.525607 0.626933 0.0326714 0.0741253
1 0.783948 0.478088 0.0321661 0.0612801
1 0.96276 0.682433 0.0744807 0.101501
1 0.549883 0.59423 0.0625387 0.0844986
1 0.555415 0.959543 0.0664885 0.080914
1 0.496775 0.682319 0.136402 0.0938938
0 0.289484 0.616322 0.0892756 0.114326
1 0.532733 0.590507 0.0767813 0.0963159
