0 0.67187 0.854348 0.146778 0.187345
0 0.0727313 0.683257 0.129859 0.173681
2 0.51049 0.662418 0.047153 0.137776
0 0.780985 0.0693668 0.136369 0.138734
1 0.28026 0.276141 0.173196 0.133873
1 0.238485 0.376465 0.142209 0.123051
1 0.739068 0.604011 0.162571 0.133758
1 0.662248 0.463877 0.141785 0.120149
1 0.193732 0.460907 0.145772 0.119777
1 0.578875 0.638486 0.092898 0.094999
1 0.809237 0.74802 0.0786785 0.0971785
2 0.51625 0.199604 0.0285538 0.10646
0 0.376464 0.966038 0.0998175 0.0626441
0 0.789252 0.056377 0.11624 0.108483
1 0.478382 0.589582 0.123942 0.0943256
1 0.206129 0.399343 0.134498 0.107423
1 0.235589 0.374387 0.123476 0.0981457
1 0.736678 0.602176 0.148596 0.10204
1 0.749858 0.614782 0.142809 0.104685
1 0.206342 0.473789 0.127101 0.101965
1 0.25321 0.283608 0.15681 0.163937
0 0.0428376 0.616793 0.0756467 0.0687324
1 0.76888 0.631809 0.13153 0.0966524
