0 0.778378 0.784745 0.157623 0.179079
0 0.341206 0.584901 0.163411 0.186359
0 0.783289 0.578883 0.14534 0.185481
2 0.498704 0.746189 0.0458972 0.14023
0 0.118884 0.351563 0.199366 0.234046
1 0.384133 0.842402 0.160835 0.128415
0 0.215286 0.928748 0.139081 0.136706
1 0.888254 0.0246372 0.0981853 0.0397468
1 0.819663 0.0269686 0.107443 0.0388553
0 0.714083 0.0718172 0.0530419 0.0726229
1 0.37836 0.838689 0.142742 0.101257
1 0.154559 0.84471 0.0751248 0.0768792
1 0.864515 0.0244142 0.131844 0.0409081
1 0.14116 0.845974 0.0499086 0.0837565
1 0.846624 0.0270702 0.13828 0.0419565
1 0.399504 0.852556 0.150715 0.107659
1 0.0317601 0.13996 0.0618347 0.0873001
0 0.565757 0.302666 0.0565903 0.0629967
1 0.419092 0.871008 0.136671 0.0948378
0 0.930488 0.706297 0.13755 0.210122
