0 0.672459 0.692991 0.140866 0.181386
0 0.233711 0.464321 0.139628 0.143031
0 0.507011 0.916481 0.11434 0.147986
0 0.856196 0.350739 0.115411 0.166185
0 0.252479 0.611571 0.144696 0.17087
1 0.25815 0.0277579 0.11517 0.047938
0 0.261768 0.168732 0.115706 0.150052
2 0.478462 0.69721 0.0528563 0.115257
0 0.443185 0.789832 0.142614 0.163567
0 0.25245 0.155976 0.0885618 0.11547
2 0.340247 0.347986 0.0303527 0.053296
1 0.816588 0.0557475 0.138727 0.0914657
0 0.278491 0.208999 0.0819816 0.114528
0 0.251424 0.144631 0.0823204 0.0792005
2 0.341852 0.350345 0.0294368 0.069447
1 0.268823 0.0312711 0.0999178 0.0625422
0 0.0113326 0.0431418 0.0223407 0.0862835
0 0.307328 0.212275 0.0286827 0.110151
1 0.79483 0.0492056 0.100004 0.0768521
0 0.739228 0.143292 0.051879 0.0757797
0 0.521202 0.92622 0.0829363 0.129853
1 0.135526 0.976843 0.0886465 0.0404961
0 0.2549 0.0336142 0.125283 0.0672284
1 0.591458 0.0745182 0.0521465 0.0766609
0 0.248078 0.175152 0.0783269 0.14079
