0 0.197654 0.460004 0.141212 0.183001
2 0.511154 0.708425 0.0506573 0.14748
0 0.724535 0.803492 0.145327 0.175833
1 0.451704 0.286819 0.163788 0.135957
1 0.828006 0.574322 0.1392 0.107178
1 0.286993 0.323752 0.169673 0.12762
1 0.0478767 0.832706 0.0930687 0.0968937
1 0.547239 0.445399 0.137881 0.109827
1 0.93559 0.518762 0.127913 0.110719
1 0.314635 0.945814 0.153009 0.0971004
1 0.553106 0.44718 0.119138 0.0886288
0 0.789385 0.897968 0.0574983 0.0875217
1 0.935871 0.51402 0.119531 0.0819368
1 0.824175 0.570323 0.118498 0.082393
1 0.44341 0.284181 0.154581 0.101587
1 0.323333 0.954352 0.137611 0.0736612
1 0.0400694 0.822725 0.07979 0.103823
1 0.840944 0.584185 0.121572 0.0963
1 0.296622 0.334371 0.155856 0.0921844
0 0.9666 0.0463134 0.0660889 0.078236
