0 0.0723181 0.187165 0.114152 0.161143
1 0.410219 0.0649107 0.165635 0.124851
2 0.55119 0.602079 0.0488216 0.136815
0 0.822983 0.92856 0.108788 0.126924
1 0.76684 0.226584 0.146336 0.11412
0 0.894235 0.873678 0.130466 0.181723
1 0.650033 0.0681148 0.148249 0.120621
1 0.627347 0.267784 0.143148 0.111417
1 0.886053 0.386755 0.140892 0.113278
0 0.0380849 0.477254 0.0740946 0.183828
0 0.500951 0.489013 0.153566 0.16489
0 0.375571 0.834246 0.0979107 0.173838
0 0.3384 0.217106 0.148198 0.158266
0 0.948879 0.566227 0.102152 0.136666
0 0.518226 0.375638 0.147594 0.143952
0 0.9695 0.576614 0.0606472 0.147225
0 0.906934 0.633853 0.0797682 0.0982555
1 0.40759 0.116314 0.155795 0.100617
1 0.422515 0.173347 0.101515 0.103858
1 0.424358 0.169106 0.0910214 0.0799854
0 0.944814 0.55566 0.0875454 0.110425
0 0.811189 0.930587 0.0794952 0.118879
0 0.0284348 0.462858 0.0566541 0.152426
0 0.908594 0.883601 0.102582 0.157414
0 0.91398 0.65777 0.10414 0.131835
0 0.958802 0.578187 0.0784481 0.137323
0 0.986681 0.578493 0.026386 0.146903
1 0.423432 0.0715317 0.153206 0.0899633
1 0.638895 0.279711 0.128669 0.0972503
1 0.403401 0.0591349 0.141972 0.0906954
1 0.780528 0.237863 0.124654 0.106239
0 0.924374 0.631899 0.121637 0.102946
1 0.411089 0.155624 0.16008 0.119377
