0 0.688259 0.341205 0.146297 0.183701
2 0.544921 0.783409 0.0523209 0.130486
1 0.509292 0.391148 0.161412 0.122326
1 0.526072 0.603368 0.16932 0.12287
1 0.655972 0.567508 0.139126 0.11385
2 0.634104 0.223731 0.0308593 0.0705114
1 0.234077 0.372923 0.0792936 0.0876529
1 0.673109 0.785395 0.137559 0.11217
1 0.298267 0.926217 0.0794682 0.0922445
1 0.0639843 0.820241 0.0735482 0.0886119
1 0.403587 0.45396 0.0778748 0.0973614
1 0.468505 0.892878 0.140386 0.113727
1 0.848047 0.547375 0.141245 0.108102
1 0.810586 0.735001 0.0761092 0.0814641
1 0.06999 0.709151 0.130209 0.103555
1 0.0728849 0.916477 0.0679228 0.0634966
1 0.653247 0.563995 0.121604 0.0910841
0 0.0191345 0.927611 0.0380323 0.125471
1 0.468496 0.89213 0.123415 0.0880725
1 0.501734 0.385532 0.145199 0.0852876
1 0.855297 0.553298 0.122376 0.0820806
1 0.0742789 0.925305 0.0691713 0.0949721
1 0.667766 0.577997 0.125558 0.100853
1 0.512298 0.59831 0.142486 0.0997246
1 0.417 0.662456 0.13285 0.118214
1 0.452609 0.68085 0.0650733 0.085732
1 0.0731635 0.719425 0.127732 0.0751711
0 0.0572688 0.0902496 0.112455 0.111401
1 0.55618 0.630411 0.134418 0.0944765
1 0.0663319 0.701941 0.095811 0.0818315
1 0.0392263 0.69179 0.0381508 0.0560841
1 0.545222 0.78063 0.05256 0.118566
1 0.540194 0.619105 0.141107 0.0941178
1 0.0682715 0.851067 0.0695826 0.0632938
1 0.677656 0.788191 0.114209 0.0875022
