0 0.607085 0.833069 0.115984 0.172675
0 0.168002 0.711961 0.201912 0.245304
2 0.513799 0.675276 0.0488777 0.142793
0 0.324712 0.166697 0.197523 0.238506
0 0.897133 0.213283 0.141054 0.168092
0 0.877699 0.333563 0.111924 0.153335
0 0.129315 0.279196 0.187558 0.264142
0 0.44712 0.124429 0.0999084 0.174807
0 0.127078 0.969326 0.0978857 0.0552053
0 0.0722869 0.330277 0.114877 0.184907
0 0.10932 0.253299 0.215637 0.261847
0 0.452262 0.123003 0.0793035 0.154126
0 0.621097 0.840258 0.0853489 0.151684
0 0.886064 0.681056 0.227872 0.26281
0 0.873198 0.31263 0.0984257 0.112077
0 0.662909 0.0621231 0.171171 0.124246
0 0.0581136 0.0614475 0.115453 0.109307
0 0.141911 0.681003 0.215845 0.256576
0 0.0821508 0.287143 0.136094 0.284115
0 0.960191 0.972533 0.078569 0.0433492
0 0.604261 0.818923 0.0998821 0.13257
