0 0.516879 0.197448 0.164534 0.234517
0 0.548214 0.660372 0.146315 0.182131
0 0.0777703 0.543583 0.144633 0.177591
0 0.112722 0.846681 0.186874 0.248916
2 0.481597 0.82302 0.0499734 0.128349
0 0.900793 0.368043 0.192758 0.254223
0 0.0457497 0.923255 0.0900151 0.151133
0 0.942652 0.91993 0.114637 0.141269
0 0.125557 0.0561711 0.0698223 0.112342
0 0.950074 0.908777 0.089946 0.100698
0 0.959269 0.918539 0.0789005 0.106003
0 0.974281 0.232913 0.0513767 0.15233
1 0.722536 0.0323461 0.0378613 0.0525181
0 0.947125 0.896042 0.0739067 0.0754876
1 0.505736 0.948981 0.175889 0.102037
0 0.564739 0.659424 0.106816 0.153795
0 0.938513 0.910566 0.0971199 0.115407
0 0.0284173 0.915342 0.0568346 0.167272
1 0.436548 0.0445518 0.171471 0.0891036
0 0.964489 0.217218 0.0710217 0.184019
0 0.0887543 0.0573059 0.143091 0.114612
0 0.0858185 0.545175 0.116151 0.149646
2 0.590073 0.478841 0.0299923 0.0676873
1 0.0450071 0.941534 0.0900142 0.116932
