0 0.114864 0.580872 0.169812 0.23539
0 0.323592 0.0809713 0.141172 0.161943
1 0.718599 0.704635 0.166442 0.124172
2 0.489876 0.782853 0.046595 0.129135
0 0.17407 0.921939 0.136391 0.130594
1 0.925565 0.693556 0.147646 0.124821
1 0.731783 0.0835379 0.162956 0.121945
1 0.368875 0.546737 0.140697 0.110427
0 0.483193 0.249457 0.139212 0.169735
1 0.520597 0.507525 0.139586 0.10913
1 0.471679 0.690559 0.119748 0.0769782
1 0.467884 0.696329 0.136318 0.103647
0 0.0494435 0.947679 0.0988871 0.103385
1 0.68391 0.18213 0.0536446 0.0777459
1 0.707494 0.697299 0.145424 0.088623
1 0.719736 0.0766135 0.143095 0.0888696
0 0.327359 0.0709905 0.117607 0.13679
1 0.932619 0.694311 0.134338 0.0963223
1 0.735317 0.720157 0.155195 0.104409
1 0.369381 0.549158 0.114504 0.085916
1 0.830344 0.250771 0.052914 0.0738517
1 0.38032 0.559336 0.125108 0.0994079
1 0.795896 0.0310264 0.123584 0.0488625
0 0.521096 0.260548 0.0674103 0.160717
1 0.748629 0.0979281 0.150428 0.101331
1 0.872827 0.0243665 0.0958584 0.0367698
1 0.855739 0.0234645 0.110554 0.0379699
1 0.472503 0.707966 0.115023 0.132506
0 0.167113 0.914013 0.124631 0.0982123
1 0.739341 0.0417104 0.180267 0.0595193
1 0.495794 0.749897 0.0319892 0.0558238
1 0.759907 0.732758 0.133137 0.0950819
1 0.493106 0.779514 0.0468348 0.118467
1 0.518951 0.727019 0.060923 0.0946677
1 0.838228 0.0250915 0.133403 0.0439729
