0 0.758585 0.271684 0.139476 0.185664
1 0.683014 0.681229 0.167225 0.134525
2 0.545157 0.783956 0.0408221 0.137018
0 0.270257 0.108872 0.201098 0.20339
1 0.702036 0.806357 0.144933 0.115174
1 0.0545572 0.496692 0.105774 0.0893253
1 0.693426 0.699054 0.164621 0.189608
1 0.693133 0.747735 0.162656 0.23634
1 0.587028 0.859142 0.142447 0.108064
1 0.0380124 0.490072 0.075559 0.0834237
1 0.674454 0.677913 0.147604 0.103894
1 0.713873 0.812991 0.124026 0.0959949
0 0.0142106 0.113732 0.0284213 0.176641
1 0.857598 0.160256 0.100126 0.0700265
1 0.573961 0.855313 0.126872 0.0912218
1 0.67497 0.0590275 0.0883348 0.101355
1 0.680538 0.0470763 0.0876674 0.073538
1 0.57014 0.844722 0.0825634 0.0630212
1 0.056547 0.497992 0.113094 0.0635013
1 0.605962 0.874016 0.109375 0.096302
0 0.856346 0.13996 0.116552 0.0705598
