2 0.491682 0.662993 0.0460518 0.139615
1 0.570564 0.213912 0.167569 0.13079
0 0.683496 0.651251 0.149467 0.170003
1 0.553109 0.42125 0.173653 0.123529
1 0.891525 0.579805 0.144973 0.112
1 0.305895 0.83449 0.139353 0.10226
1 0.632424 0.356845 0.138102 0.108067
1 0.213 0.685866 0.143319 0.112326
1 0.483492 0.801609 0.142545 0.112765
1 0.761841 0.933672 0.138715 0.107519
1 0.190977 0.156774 0.0942311 0.0860499
1 0.481434 0.801654 0.121769 0.0828542
1 0.941146 0.39963 0.117088 0.113731
1 0.213526 0.690083 0.132312 0.0848035
1 0.54227 0.420692 0.143195 0.100415
1 0.304405 0.831098 0.122049 0.0805768
1 0.546883 0.928287 0.183285 0.127722
1 0.197469 0.160439 0.122074 0.0988943
1 0.9015 0.590669 0.124602 0.0956468
1 0.620543 0.356152 0.154258 0.141698
0 0.953088 0.0482641 0.0865747 0.0965282
0 0.942246 0.0330856 0.102446 0.0596258
1 0.311569 0.211781 0.0500819 0.0731976
1 0.570192 0.935117 0.237758 0.129767
1 0.953049 0.399382 0.0921402 0.0991313
1 0.561116 0.212226 0.157009 0.0941261
0 0.984768 0.0665145 0.0299568 0.133029
1 0.317956 0.845785 0.108777 0.0778534
