0 0.146846 0.655896 0.141717 0.174945
2 0.486939 0.811928 0.057181 0.136236
1 0.342677 0.144546 0.1415 0.125573
1 0.652763 0.286511 0.141136 0.124663
0 0.814592 0.851048 0.139424 0.189284
1 0.69465 0.519975 0.167738 0.128966
1 0.613401 0.376626 0.176267 0.130742
1 0.302354 0.233491 0.183275 0.131154
1 0.932171 0.412711 0.135504 0.125584
1 0.354657 0.365845 0.148007 0.122039
1 0.877939 0.500775 0.144697 0.118565
0 0.712526 0.960895 0.126697 0.0734646
2 0.823106 0.245894 0.0291626 0.0695838
2 0.480963 0.805867 0.0462934 0.119458
1 0.642784 0.617593 0.0533139 0.0840296
1 0.332399 0.170195 0.157552 0.129529
1 0.605368 0.374542 0.149741 0.100546
1 0.638665 0.308242 0.164424 0.108898
1 0.686092 0.517696 0.153848 0.0916284
1 0.615802 0.707265 0.0504805 0.0784534
1 0.313047 0.266797 0.205241 0.222321
1 0.365544 0.374116 0.128838 0.0976927
1 0.726555 0.547877 0.144678 0.0905121
1 0.423401 0.516024 0.0550622 0.0785502
1 0.285144 0.229373 0.160908 0.10337
1 0.87642 0.502077 0.124902 0.0932537
1 0.936081 0.416756 0.127837 0.0888368
1 0.891354 0.515659 0.127681 0.102332
0 0.151488 0.651128 0.113434 0.15087
