0 0.567477 0.434715 0.144251 0.180457
2 0.565644 0.74309 0.047286 0.13453
0 0.0615307 0.832388 0.122617 0.173623
0 0.634868 0.887676 0.16031 0.191666
0 0.0646262 0.703934 0.127999 0.142924
0 0.58555 0.0577914 0.142051 0.115583
1 0.513528 0.772129 0.10891 0.0798136
1 0.761041 0.763353 0.139551 0.112743
1 0.172787 0.608407 0.142438 0.109456
0 0.973048 0.0591112 0.0537384 0.085606
1 0.473239 0.631327 0.141542 0.114023
1 0.503843 0.767563 0.0874529 0.0667837
1 0.172669 0.605851 0.124833 0.0873813
0 0.482806 0.90394 0.156186 0.150672
0 0.274304 0.97208 0.120442 0.0548052
1 0.473348 0.633824 0.121264 0.0819139
1 0.760894 0.764174 0.12545 0.0858602
1 0.482579 0.905896 0.151764 0.146919
0 0.478531 0.96287 0.146791 0.060867
0 0.0485162 0.0757534 0.0970323 0.0794798
0 0.25218 0.0445836 0.0673751 0.0710691
1 0.250102 0.0418385 0.0693989 0.0595786
0 0.97544 0.0783522 0.0491206 0.129734
0 0.484053 0.939649 0.163185 0.102854
