0 0.419214 0.565458 0.112345 0.170791
1 0.342342 0.251786 0.144049 0.117636
0 0.675717 0.58288 0.142227 0.186422
1 0.557463 0.24702 0.174776 0.130587
1 0.399603 0.068223 0.147382 0.124002
1 0.763272 0.438339 0.173776 0.129143
1 0.701015 0.0955322 0.138833 0.118739
0 0.699689 0.796681 0.142764 0.186718
2 0.483194 0.796236 0.0547582 0.142445
1 0.925464 0.313826 0.147568 0.120381
1 0.361194 0.365752 0.168159 0.127053
1 0.862768 0.59371 0.145749 0.108961
1 0.644535 0.181576 0.145682 0.116014
1 0.189443 0.803803 0.140274 0.115331
1 0.410632 0.904255 0.136699 0.117761
1 0.05345 0.841713 0.102396 0.0944543
1 0.0748041 0.953773 0.145307 0.092455
1 0.255699 0.941182 0.143136 0.106397
1 0.0623224 0.845067 0.124645 0.118555
1 0.605744 0.466874 0.182397 0.110469
1 0.397963 0.0702713 0.130862 0.0971281
1 0.924975 0.265716 0.148339 0.073837
1 0.929047 0.19673 0.140328 0.139674
1 0.254651 0.946898 0.122095 0.0833527
1 0.964292 0.439259 0.0714165 0.099268
1 0.869297 0.602912 0.128181 0.0815814
1 0.578655 0.46674 0.125966 0.107178
1 0.292634 0.941525 0.0405892 0.0616743
1 0.0775213 0.957972 0.126993 0.0753208
1 0.285845 0.942228 0.055224 0.0666391
1 0.340805 0.252451 0.129646 0.0910778
1 0.596887 0.467352 0.144551 0.0832369
1 0.551305 0.244803 0.154618 0.101788
1 0.420364 0.917143 0.125884 0.105144
1 0.408413 0.901215 0.116022 0.0810018
1 0.751984 0.438932 0.156376 0.103226
1 0.653959 0.179976 0.17165 0.141445
1 0.391848 0.387674 0.138977 0.0957331
0 0.710069 0.798185 0.107562 0.163906
1 0.93701 0.313814 0.124835 0.0973216
1 0.373081 0.373397 0.158696 0.0997175
1 0.467841 0.0243492 0.0842377 0.0470546
1 0.351507 0.365085 0.149459 0.0977402
1 0.861211 0.59274 0.116897 0.0819857
1 0.70498 0.93799 0.0387301 0.0590583
1 0.0418842 0.83668 0.0832311 0.0849681
1 0.656482 0.19358 0.128036 0.0976176
1 0.782674 0.458694 0.154976 0.0985747
