0 0.596116 0.363149 0.115932 0.169935
0 0.626571 0.588345 0.114057 0.169984
0 0.695084 0.100235 0.146453 0.179786
0 0.722556 0.837959 0.113019 0.177437
0 0.322373 0.342063 0.128204 0.177722
0 0.441964 0.0870276 0.13285 0.170931
0 0.194629 0.784111 0.187331 0.242808
0 0.745737 0.540554 0.158382 0.184595
2 0.50325 0.742794 0.049629 0.143805
0 0.278461 0.616824 0.110801 0.131762
0 0.298482 0.752169 0.11927 0.163546
0 0.24719 0.775086 0.225765 0.221408
0 0.624176 0.930127 0.212734 0.137422
0 0.65028 0.944993 0.165257 0.110015
0 0.273172 0.611022 0.0919032 0.110404
0 0.691258 0.883494 0.125871 0.173749
0 0.614691 0.57989 0.0851696 0.136486
0 0.600437 0.914987 0.196983 0.16217
0 0.17695 0.758727 0.221856 0.262312
0 0.567243 0.241415 0.0641199 0.104394
0 0.639313 0.587082 0.0836353 0.154989
