0 0.266436 0.554456 0.140621 0.180019
2 0.518272 0.673223 0.0469639 0.143754
1 0.752277 0.287424 0.167821 0.133763
1 0.828766 0.530612 0.171186 0.129889
0 0.601554 0.817134 0.149374 0.183095
0 0.396723 0.517673 0.14938 0.182776
0 0.834812 0.714131 0.14297 0.190076
1 0.472816 0.267567 0.142529 0.112985
1 0.166009 0.13064 0.141879 0.108435
1 0.489926 0.383477 0.146608 0.118355
1 0.0434381 0.169447 0.0847245 0.0992112
1 0.71675 0.379045 0.145712 0.119476
0 0.247339 0.938252 0.143999 0.116184
0 0.22951 0.809733 0.228435 0.19617
1 0.939581 0.489723 0.120838 0.110327
1 0.493383 0.384691 0.132679 0.0902228
1 0.163624 0.122891 0.122831 0.0815009
0 0.193057 0.667965 0.225392 0.209692
1 0.717697 0.381298 0.128005 0.0899412
1 0.0991249 0.0237069 0.0850998 0.0387495
1 0.814672 0.532043 0.16083 0.102973
1 0.829156 0.234053 0.0510754 0.0814579
0 0.636768 0.953971 0.137308 0.0856442
1 0.343973 0.0931167 0.149049 0.102645
1 0.748371 0.289876 0.147851 0.0984114
1 0.661675 0.951368 0.184226 0.0860497
1 0.842556 0.546975 0.149648 0.0986559
1 0.951232 0.499578 0.0967407 0.1101
0 0.755306 0.203205 0.0522988 0.079046
1 0.754053 0.20866 0.052335 0.0962715
