0 0.497152 0.244851 0.140219 0.186538
0 0.933277 0.441815 0.132092 0.182989
1 0.186043 0.238079 0.144769 0.120337
0 0.273978 0.867478 0.155185 0.173038
1 0.327941 0.513591 0.17227 0.132163
2 0.511926 0.681521 0.0501169 0.150045
1 0.663068 0.669781 0.0773466 0.087043
1 0.201353 0.354688 0.146325 0.116578
1 0.808023 0.633112 0.0814953 0.094921
1 0.959059 0.805065 0.0770298 0.0865841
1 0.601341 0.535812 0.14385 0.10976
1 0.928313 0.582722 0.142573 0.11536
0 0.359199 0.960077 0.112938 0.0766932
1 0.417802 0.451237 0.0741706 0.0911748
1 0.554615 0.412702 0.0755287 0.0908081
0 0.608463 0.11595 0.0518652 0.0907266
1 0.324733 0.510686 0.15545 0.100466
0 0.51318 0.054062 0.148948 0.108124
0 0.604608 0.10582 0.0433378 0.0699295
0 0.0680433 0.0706897 0.136087 0.141379
0 0.343778 0.954627 0.147409 0.0776767
0 0.599711 0.0236425 0.0746422 0.047285
0 0.60008 0.0311721 0.0808571 0.0623442
0 0.608148 0.0728782 0.0679964 0.145756
1 0.613612 0.546331 0.127168 0.0943525
0 0.938171 0.437823 0.111235 0.149551
1 0.486543 0.807122 0.0486059 0.0744727
1 0.662745 0.66945 0.092449 0.104412
1 0.185178 0.236668 0.120501 0.0859166
0 0.0834803 0.0588686 0.100299 0.117011
1 0.198057 0.348823 0.124374 0.0899329
0 0.609464 0.0979966 0.056327 0.0866151
1 0.265588 0.707183 0.0519215 0.0796995
1 0.367872 0.54471 0.139711 0.091324
0 0.0767327 0.0303625 0.113253 0.0545404
