2 0.511155 0.706373 0.049074 0.145349
0 0.859965 0.143524 0.134139 0.182048
0 0.69447 0.363733 0.196837 0.25326
0 0.971574 0.401697 0.0565571 0.155294
1 0.358282 0.478045 0.140724 0.11423
1 0.639428 0.605139 0.144567 0.117465
0 0.272436 0.161863 0.163784 0.253967
1 0.444584 0.623509 0.142147 0.108763
0 0.715498 0.382605 0.161024 0.227524
1 0.636169 0.601156 0.128615 0.0920519
0 0.289612 0.17879 0.139299 0.229331
1 0.355681 0.472398 0.123818 0.0847412
0 0.979019 0.399594 0.0419182 0.146376
1 0.615609 0.370394 0.113024 0.0776401
1 0.745848 0.769628 0.0576044 0.0925849
0 0.677144 0.336877 0.236089 0.281912
0 0.241153 0.148423 0.22185 0.268653
0 0.862358 0.167925 0.103869 0.120611
1 0.0224432 0.315424 0.0448864 0.12189
1 0.369742 0.488718 0.128268 0.103916
0 0.247293 0.131289 0.164084 0.225088
0 0.649186 0.30864 0.198317 0.24918
1 0.654258 0.621488 0.120969 0.102367
0 0.216145 0.122012 0.216411 0.226349
