0 0.58136 0.699611 0.137745 0.173847
0 0.718087 0.332411 0.144906 0.16801
0 0.797991 0.483364 0.143777 0.190005
2 0.467485 0.823134 0.0405581 0.0767741
0 0.726792 0.857287 0.139659 0.16407
0 0.976085 0.885162 0.047823 0.183434
2 0.468281 0.842977 0.0437568 0.118926
0 0.814532 0.958762 0.138493 0.0811425
0 0.461613 0.932587 0.141992 0.134826
0 0.247174 0.319086 0.161846 0.169493
0 0.688241 0.52218 0.154421 0.172735
0 0.588449 0.694955 0.116062 0.142138
0 0.752352 0.549192 0.0459992 0.162175
0 0.976931 0.862472 0.0458775 0.130958
0 0.759001 0.869644 0.0791002 0.187574
0 0.309703 0.348265 0.0436515 0.178311
