0 0.437504 0.457507 0.115351 0.173359
2 0.524396 0.709386 0.0473387 0.141776
1 0.65307 0.170588 0.171457 0.129062
1 0.375166 0.0534465 0.145564 0.106893
0 0.0669542 0.592465 0.133908 0.166878
1 0.931053 0.308362 0.137583 0.113911
0 0.280349 0.560001 0.22981 0.222399
0 0.891378 0.559596 0.150981 0.173173
1 0.758266 0.330917 0.143056 0.115189
1 0.471629 0.200123 0.144656 0.114469
0 0.0441799 0.152001 0.0858227 0.103293
1 0.759064 0.116487 0.140848 0.117969
0 0.390064 0.932973 0.141065 0.120089
0 0.247847 0.953503 0.109046 0.0915938
0 0.717695 0.766424 0.217189 0.227884
0 0.295623 0.588887 0.221928 0.256754
0 0.327128 0.597868 0.162069 0.239051
1 0.486128 0.0255841 0.0924763 0.0451339
1 0.472909 0.201403 0.126485 0.0907618
1 0.37489 0.0474661 0.124794 0.0909429
1 0.640761 0.172959 0.161964 0.103091
0 0.0465126 0.585687 0.0890595 0.151026
0 0.0314055 0.138774 0.0626411 0.129172
1 0.707898 0.422968 0.054046 0.079295
1 0.936083 0.302887 0.122025 0.0845271
0 0.24051 0.953887 0.0845533 0.0809776
0 0.740286 0.791164 0.214079 0.23486
1 0.487759 0.323971 0.0506165 0.081411
0 0.453368 0.469461 0.0803436 0.155174
1 0.767017 0.33731 0.127788 0.0865322
0 0.383393 0.915057 0.0937777 0.0860948
0 0.0483981 0.179114 0.0957237 0.192201
0 0.379389 0.903777 0.085557 0.0763757
0 0.382108 0.922753 0.109011 0.113481
0 0.912348 0.956599 0.0831573 0.0829909
1 0.762622 0.118059 0.127328 0.0905485
0 0.244841 0.555935 0.159672 0.209917
1 0.633881 0.39029 0.0525369 0.0827333
0 0.229405 0.552811 0.124118 0.170347
1 0.669752 0.18753 0.150956 0.10152
