0 0.683839 0.360765 0.140603 0.184315
0 0.629691 0.122451 0.114441 0.171481
2 0.490473 0.786637 0.0566153 0.137226
0 0.940031 0.368647 0.115957 0.167717
0 0.424155 0.525113 0.211488 0.220293
0 0.139779 0.523049 0.119958 0.18159
0 0.0601092 0.338959 0.120218 0.22326
1 0.277705 0.935956 0.135884 0.105079
0 0.446552 0.549681 0.239662 0.248299
0 0.480843 0.556754 0.184882 0.233218
1 0.0653748 0.943292 0.130237 0.0899192
0 0.395165 0.521271 0.152448 0.216795
0 0.936233 0.352979 0.103489 0.130676
0 0.252207 0.135775 0.126604 0.134067
0 0.95169 0.374481 0.0849535 0.160153
0 0.13903 0.499854 0.112412 0.134504
1 0.0535951 0.937091 0.101792 0.0850739
1 0.0760672 0.954203 0.138264 0.0843637
0 0.982706 0.907545 0.0345889 0.18491
1 0.289334 0.946253 0.124557 0.0902123
0 0.38619 0.505273 0.129661 0.148411
