0 0.707558 0.272909 0.116713 0.175318
0 0.279795 0.500356 0.143554 0.175766
0 0.513059 0.502644 0.137073 0.173448
0 0.0744975 0.301238 0.139639 0.177655
0 0.94392 0.701631 0.11216 0.182427
0 0.883335 0.142187 0.155368 0.193796
0 0.492706 0.36637 0.146395 0.13911
2 0.525503 0.700008 0.0492701 0.14205
0 0.960768 0.707051 0.0780777 0.16803
1 0.401522 0.797099 0.137906 0.110264
1 0.0648596 0.63567 0.117662 0.0892396
1 0.229409 0.824654 0.135319 0.113251
0 0.501187 0.389082 0.137082 0.138853
1 0.703659 0.928091 0.174505 0.106142
1 0.58415 0.969158 0.120838 0.0616831
0 0.501467 0.428858 0.142638 0.156757
1 0.227918 0.827099 0.123538 0.0855042
1 0.0716357 0.64782 0.124363 0.101162
0 0.952053 0.691746 0.0913948 0.14627
0 0.717596 0.284139 0.0947428 0.150436
1 0.730902 0.952276 0.147087 0.0758224
1 0.232184 0.959154 0.102569 0.0550699
1 0.59199 0.965815 0.13334 0.0683704
0 0.0773007 0.293032 0.114196 0.144149
1 0.703986 0.928281 0.0394517 0.0599233
1 0.223862 0.812982 0.110062 0.0937286
1 0.717454 0.940797 0.149179 0.0916073
1 0.415554 0.810716 0.121707 0.0960768
