0 0.347994 0.722689 0.143431 0.185794
2 0.51662 0.697045 0.0460941 0.144251
0 0.0980682 0.506206 0.144316 0.174852
0 0.341735 0.514152 0.155847 0.185558
0 0.181476 0.934724 0.115776 0.126488
0 0.789933 0.914169 0.145389 0.162224
0 0.950718 0.901376 0.0982552 0.176497
1 0.657956 0.483647 0.141741 0.116693
1 0.769502 0.634726 0.165763 0.125844
1 0.508511 0.310061 0.160033 0.122172
1 0.212676 0.276543 0.144822 0.114409
1 0.845414 0.464504 0.138218 0.107919
0 0.0859727 0.697224 0.128434 0.163873
0 0.969618 0.893679 0.0605791 0.144932
1 0.847598 0.468844 0.120693 0.0851846
1 0.426444 0.475879 0.0955694 0.0866135
0 0.0533854 0.648603 0.0686159 0.095271
1 0.777425 0.642428 0.154453 0.0960551
1 0.212559 0.279888 0.127991 0.0890747
0 0.6153 0.142056 0.057988 0.065729
1 0.652919 0.47983 0.123377 0.089025
1 0.133283 0.0763205 0.0717282 0.0516365
0 0.0751068 0.67883 0.124879 0.143247
1 0.666171 0.489461 0.128995 0.0899128
1 0.761513 0.632286 0.134321 0.101332
1 0.498325 0.303381 0.139027 0.0913653
1 0.717117 0.342561 0.0765437 0.0566511
1 0.194667 0.104249 0.0738556 0.0590034
1 0.271086 0.136538 0.0787236 0.0579028
1 0.525359 0.319116 0.152072 0.104676
