0 0.693438 0.590423 0.111566 0.172417
0 0.704988 0.085181 0.14278 0.170362
0 0.94777 0.296642 0.104461 0.166141
0 0.354479 0.622567 0.150265 0.233644
0 0.128476 0.397887 0.237277 0.20976
2 0.536576 0.63296 0.048328 0.134373
0 0.944807 0.765288 0.110138 0.149287
0 0.689635 0.959855 0.124908 0.0758721
0 0.0934238 0.393156 0.172408 0.209285
0 0.696969 0.965372 0.0977987 0.0627007
0 0.331312 0.612909 0.198621 0.254423
0 0.961596 0.294588 0.0756818 0.155932
0 0.946795 0.289823 0.0940231 0.128283
0 0.0730638 0.389699 0.120103 0.166976
0 0.0977246 0.2081 0.153245 0.135934
