0 0.710125 0.82785 0.136978 0.182409
0 0.367542 0.573886 0.138604 0.17443
0 0.812016 0.76489 0.135108 0.17682
1 0.497928 0.134818 0.168398 0.128926
1 0.309389 0.153582 0.172065 0.136079
2 0.533309 0.647614 0.0473616 0.1358
1 0.761435 0.257933 0.14451 0.118365
0 0.386394 0.449536 0.141423 0.138185
1 0.664039 0.318879 0.142743 0.114515
1 0.816348 0.0705492 0.189868 0.128442
0 0.825611 0.64858 0.146315 0.144722
1 0.285415 0.867895 0.15782 0.125869
1 0.184032 0.930311 0.0855683 0.0907796
0 0.818287 0.706101 0.142608 0.0792548
1 0.956261 0.0430268 0.0854626 0.0860535
1 0.760343 0.460516 0.149203 0.105297
1 0.758896 0.464038 0.117738 0.0858353
1 0.938136 0.0359493 0.120218 0.063578
1 0.930907 0.0417551 0.136815 0.0835101
1 0.801646 0.0664721 0.147107 0.0876152
1 0.967455 0.0449394 0.0648016 0.088633
1 0.795024 0.059512 0.165912 0.11771
1 0.545161 0.969532 0.12479 0.0594516
1 0.926982 0.0289165 0.125947 0.0495018
1 0.297095 0.151072 0.148955 0.102292
1 0.550564 0.0690943 0.0480426 0.0710262
1 0.611685 0.401323 0.0789097 0.0860262
1 0.279141 0.862614 0.139816 0.096361
1 0.758867 0.253233 0.128691 0.0911646
0 0.380017 0.472739 0.153058 0.135125
1 0.531702 0.161276 0.144997 0.0974356
1 0.510073 0.146248 0.15865 0.101962
1 0.48645 0.131865 0.146199 0.102876
1 0.740029 0.462846 0.101995 0.0814373
1 0.785125 0.0587825 0.12736 0.0937919
1 0.735521 0.452478 0.18085 0.124856
