2 0.525937 0.730491 0.0451288 0.130757
0 0.138509 0.16166 0.164324 0.179173
1 0.614879 0.925311 0.16785 0.124471
1 0.666343 0.530492 0.157967 0.119436
1 0.659412 0.744029 0.168666 0.130317
1 0.0911458 0.477814 0.163709 0.123219
1 0.391813 0.409088 0.159676 0.120953
1 0.127453 0.808623 0.16769 0.123887
1 0.613714 0.613145 0.178387 0.132764
1 0.237386 0.951474 0.166939 0.0970529
0 0.609922 0.0700425 0.135137 0.140085
1 0.121942 0.597459 0.179391 0.135839
1 0.229276 0.441152 0.140717 0.110152
1 0.405784 0.937643 0.143856 0.106756
1 0.862652 0.937187 0.144686 0.106778
0 0.967482 0.54676 0.064513 0.152024
1 0.654109 0.56946 0.188581 0.0618269
1 0.488928 0.770878 0.131332 0.0969031
1 0.952383 0.777248 0.0949669 0.101035
1 0.242145 0.959289 0.14324 0.0736823
1 0.0812275 0.474339 0.147589 0.0892772
0 0.621694 0.0572498 0.105915 0.114143
1 0.651634 0.740198 0.148558 0.097086
1 0.602662 0.922673 0.14619 0.0907559
1 0.241418 0.452859 0.12625 0.100528
1 0.112944 0.59772 0.153728 0.104531
1 0.224058 0.437618 0.122426 0.0853982
2 0.527323 0.718835 0.0411811 0.0956451
1 0.409078 0.943441 0.128354 0.0830007
1 0.13567 0.609966 0.150845 0.104822
1 0.600238 0.608753 0.148328 0.0924163
1 0.115399 0.807745 0.149014 0.09389
1 0.671587 0.747913 0.14913 0.101188
1 0.672382 0.53444 0.186878 0.145282
1 0.691593 0.766621 0.137235 0.0933651
1 0.625075 0.93219 0.152837 0.0978221
0 0.631655 0.0708603 0.0995003 0.141721
1 0.150633 0.620283 0.136042 0.0869812
