0 0.93386 0.910019 0.130222 0.145255
0 0.500009 0.457624 0.142655 0.181538
0 0.0648552 0.255286 0.12971 0.175405
0 0.562837 0.0695599 0.115575 0.13912
2 0.497182 0.766773 0.0452243 0.137877
0 0.860364 0.484574 0.176358 0.200792
0 0.0250546 0.640568 0.0499964 0.1847
0 0.135925 0.57379 0.182109 0.247898
0 0.0958398 0.519172 0.191225 0.167408
0 0.882577 0.496202 0.220486 0.233347
0 0.921118 0.524536 0.157763 0.232619
0 0.108425 0.559557 0.215867 0.246898
0 0.805638 0.685178 0.0614112 0.162163
0 0.341319 0.483126 0.113368 0.17703
0 0.0761254 0.494533 0.152251 0.119042
0 0.359454 0.486599 0.0730842 0.160022
0 0.570505 0.0629096 0.0902039 0.119676
2 0.429295 0.263341 0.0243151 0.113459
0 0.0536011 0.238446 0.103569 0.148618
0 0.062725 0.504 0.118318 0.11542
0 0.0632526 0.0697237 0.126505 0.125372
0 0.437029 0.14853 0.0539814 0.0687529
0 0.513328 0.456932 0.111703 0.15663
0 0.839341 0.472913 0.125993 0.165813
