1 0.781462 0.106399 0.168459 0.138394
0 0.460305 0.456412 0.143364 0.18785
1 0.432396 0.0623179 0.169671 0.124636
1 0.776588 0.2186 0.146505 0.119677
2 0.495024 0.771797 0.0419634 0.14111
0 0.049995 0.258199 0.0990629 0.182138
1 0.451976 0.174623 0.180588 0.136011
0 0.417013 0.637386 0.097279 0.171367
0 0.902771 0.65636 0.142824 0.179143
1 0.813849 0.342346 0.13945 0.111483
0 0.824572 0.717911 0.142655 0.160661
1 0.78073 0.19979 0.161733 0.152146
0 0.398096 0.638014 0.134247 0.176736
1 0.444364 0.125512 0.18619 0.219239
1 0.378394 0.95564 0.1361 0.084079
1 0.140762 0.954592 0.151998 0.0817118
0 0.850229 0.673741 0.17073 0.223462
1 0.146696 0.95997 0.130308 0.0629152
1 0.0251033 0.800016 0.0499842 0.104212
1 0.445803 0.173771 0.150549 0.1046
1 0.818329 0.343523 0.121205 0.0849731
2 0.49892 0.745504 0.0338881 0.0888879
0 0.841313 0.708538 0.102896 0.139721
0 0.836984 0.697927 0.0922285 0.106966
1 0.419835 0.0543307 0.153664 0.102408
0 0.403548 0.589673 0.0923108 0.0882016
1 0.439567 0.063203 0.155938 0.0982511
1 0.772097 0.21411 0.126887 0.0875197
1 0.384995 0.960178 0.124877 0.064573
1 0.457699 0.0767824 0.145782 0.0988847
1 0.789162 0.230335 0.129016 0.101115
0 0.409047 0.615372 0.096977 0.128942
1 0.774155 0.104919 0.159462 0.104571
1 0.160245 0.965475 0.132337 0.0671878
1 0.122184 0.949505 0.127577 0.0736406
1 0.466294 0.183961 0.159717 0.109295
0 0.0644506 0.073521 0.125668 0.0833647
