0 0.138677 0.56845 0.150113 0.184389
2 0.507705 0.734138 0.0476034 0.13995
0 0.456787 0.300156 0.140515 0.178357
0 0.596311 0.461525 0.111824 0.166929
0 0.156448 0.257258 0.115282 0.167452
0 0.319421 0.434235 0.110932 0.175822
1 0.174713 0.833486 0.0817659 0.0948266
0 0.968021 0.933933 0.0634955 0.132135
1 0.657746 0.946493 0.0783102 0.0847426
1 0.42336 0.839581 0.137973 0.110098
1 0.55191 0.97762 0.102146 0.0447597
1 0.422346 0.833426 0.118853 0.0798876
0 0.151643 0.247145 0.0978103 0.130864
1 0.439282 0.852993 0.124531 0.095106
1 0.557603 0.974507 0.12112 0.0509851
0 0.679666 0.215422 0.0603381 0.0685115
2 0.988265 0.661262 0.0232536 0.122099
