0 0.292214 0.517997 0.112665 0.173622
0 0.730252 0.716648 0.115661 0.177302
0 0.695672 0.495031 0.138875 0.181391
2 0.507538 0.723186 0.0492466 0.139533
0 0.0716357 0.518022 0.143271 0.163266
0 0.960359 0.894936 0.0726477 0.104662
0 0.950391 0.909382 0.0992172 0.149057
1 0.269844 0.941449 0.151349 0.102654
1 0.0568643 0.954751 0.103353 0.0661822
0 0.264539 0.128242 0.22471 0.25385
0 0.943138 0.885618 0.113075 0.100616
0 0.826015 0.937909 0.100731 0.102015
0 0.235788 0.134762 0.227084 0.209427
0 0.283427 0.0919494 0.189547 0.183899
0 0.288921 0.0420201 0.17494 0.0840403
0 0.963926 0.922529 0.0719537 0.154941
1 0.966225 0.972409 0.0675505 0.0551829
0 0.300927 0.0613435 0.160177 0.122687
0 0.294255 0.120531 0.176646 0.240543
0 0.252583 0.221036 0.146738 0.0627653
0 0.622803 0.0508734 0.0721482 0.101135
1 0.066946 0.962543 0.117987 0.0702464
1 0.26611 0.948228 0.130711 0.0775762
