0 0.370362 0.618115 0.139604 0.167237
0 0.53655 0.25072 0.1862 0.228788
0 0.802406 0.90396 0.154572 0.166562
0 0.364359 0.482948 0.113946 0.144021
2 0.554019 0.587815 0.0432983 0.133259
0 0.794509 0.570949 0.212992 0.2457
1 0.599358 0.0312478 0.0762105 0.0531226
0 0.886568 0.291964 0.216259 0.209999
0 0.122171 0.0780801 0.151973 0.15616
0 0.4045 0.0852868 0.142297 0.170574
0 0.945449 0.961173 0.109102 0.0711319
0 0.830083 0.156262 0.140851 0.125425
0 0.015185 0.209806 0.0303701 0.209178
1 0.865969 0.0252242 0.121009 0.0410306
0 0.218638 0.709239 0.0619757 0.136464
0 0.812821 0.154434 0.107566 0.111251
0 0.852929 0.281368 0.160637 0.177765
0 0.395027 0.0684904 0.114499 0.131845
0 0.854397 0.241664 0.15938 0.271408
1 0.984457 0.185597 0.0310684 0.0799137
0 0.817519 0.591713 0.180557 0.237619
0 0.155285 0.0832692 0.0848259 0.164114
1 0.884504 0.0277146 0.107172 0.0400333
0 0.139422 0.0682697 0.109297 0.131511
1 0.84871 0.0278899 0.1181 0.0456854
