0 0.693845 0.677958 0.143871 0.174971
0 0.819591 0.602556 0.166504 0.232262
2 0.535455 0.692324 0.0495862 0.140557
0 0.778789 0.16605 0.142917 0.203309
0 0.826712 0.16658 0.238262 0.209325
0 0.256988 0.470634 0.13544 0.169113
0 0.610275 0.0447777 0.0904085 0.0895554
0 0.896207 0.318059 0.191634 0.206012
0 0.247376 0.952923 0.138079 0.0928914
0 0.629137 0.0452794 0.0542904 0.0905588
0 0.0133899 0.233657 0.0264574 0.212174
0 0.273486 0.469149 0.101834 0.15614
0 0.276987 0.4452 0.0879996 0.112931
0 0.600395 0.0476765 0.120577 0.0953529
