0 0.250583 0.52331 0.14169 0.177739
0 0.761071 0.437374 0.115384 0.168995
0 0.361046 0.463085 0.11201 0.178942
0 0.772005 0.661198 0.161459 0.185401
0 0.572569 0.462649 0.145546 0.179573
2 0.50756 0.734917 0.050466 0.147435
0 0.130698 0.262618 0.143062 0.184457
0 0.969366 0.649813 0.0612103 0.170738
0 0.420138 0.88274 0.185796 0.2037
0 0.932716 0.254757 0.132726 0.212699
0 0.340508 0.461449 0.119136 0.200169
0 0.324997 0.463844 0.188685 0.189631
0 0.396443 0.86961 0.129886 0.163489
0 0.599142 0.470466 0.091514 0.160913
2 0.510171 0.72093 0.0352165 0.112068
