2 0.455572 0.708317 0.0397116 0.128695
0 0.0216106 0.717402 0.0432211 0.176556
1 0.809255 0.295063 0.166891 0.125884
1 0.650427 0.115448 0.169992 0.12431
1 0.187931 0.742081 0.162771 0.121503
1 0.434018 0.124043 0.167927 0.124303
1 0.924645 0.248081 0.149138 0.122338
1 0.570977 0.918197 0.138887 0.112209
1 0.0548318 0.571347 0.108011 0.094424
1 0.758159 0.0630429 0.140803 0.113689
1 0.461353 0.773125 0.0782625 0.0826002
0 0.426924 0.911831 0.110986 0.156175
1 0.763322 0.902936 0.1431 0.113127
1 0.513329 0.277529 0.0494774 0.0705833
1 0.783138 0.807863 0.0773542 0.0813515
1 0.457846 0.762708 0.0510539 0.0750439
1 0.473676 0.684514 0.0609636 0.111335
1 0.733252 0.376856 0.0520119 0.0721344
1 0.763056 0.0697811 0.124486 0.0856551
1 0.92886 0.249737 0.140451 0.0876252
1 0.47495 0.665689 0.0713799 0.0938319
1 0.802482 0.292088 0.149445 0.0974161
1 0.457603 0.704373 0.0370203 0.118349
1 0.425411 0.117949 0.14805 0.0915237
1 0.0474055 0.409247 0.0727487 0.0556754
1 0.64668 0.117222 0.15058 0.0937807
1 0.186647 0.741148 0.153187 0.0867567
1 0.772156 0.908287 0.122429 0.0887935
1 0.782083 0.807273 0.0911765 0.109075
1 0.21051 0.480874 0.0834867 0.0589738
1 0.458113 0.143203 0.152215 0.094829
1 0.57169 0.919513 0.120811 0.0857185
1 0.44573 0.130781 0.148303 0.0915454
0 0.0177033 0.735003 0.0354066 0.153635
1 0.863615 0.783652 0.0660141 0.0487579
1 0.842004 0.320624 0.143805 0.0926329
1 0.58228 0.928725 0.124718 0.101035
1 0.93807 0.813252 0.0717672 0.0601132
1 0.452296 0.75152 0.0455726 0.051042
1 0.259453 0.778156 0.10057 0.0906803
1 0.125943 0.442419 0.0729938 0.0595544
1 0.384462 0.0236833 0.0966061 0.0433423
1 0.491418 0.679328 0.0568644 0.0781603
1 0.93882 0.263375 0.122361 0.104516
1 0.0653862 0.587029 0.112215 0.090825
