0 0.540868 0.566842 0.158833 0.178258
2 0.490684 0.747099 0.0576431 0.127833
0 0.893416 0.189429 0.138734 0.168498
1 0.207697 0.958034 0.142135 0.0838189
0 0.550604 0.0661659 0.146589 0.132332
1 0.0659991 0.801647 0.118059 0.0816182
0 0.90361 0.131058 0.143493 0.0894539
2 0.482712 0.742796 0.049481 0.106914
1 0.313018 0.919437 0.130142 0.107596
2 0.365915 0.431792 0.0279577 0.107984
2 0.485872 0.721104 0.0460064 0.0657783
0 0.905615 0.0845964 0.115147 0.0617851
0 0.382797 0.311038 0.0544325 0.0598286
0 0.403587 0.222933 0.0432066 0.0560748
1 0.445302 0.918359 0.06881 0.0468601
1 0.219738 0.965385 0.123559 0.0692308
0 0.884497 0.170229 0.105871 0.106083
1 0.315345 0.919357 0.113265 0.084139
