0 0.803426 0.398381 0.112913 0.167226
2 0.565196 0.713279 0.0459089 0.130966
0 0.262853 0.46626 0.0630024 0.148729
0 0.964048 0.378507 0.0714944 0.163898
1 0.140939 0.0276298 0.0845072 0.0445433
0 0.923682 0.220166 0.149043 0.196034
1 0.123794 0.024964 0.107171 0.0428226
1 0.153103 0.0373695 0.0676742 0.0747389
0 0.914537 0.175149 0.131166 0.109667
1 0.112974 0.0213535 0.10757 0.0417884
1 0.548547 0.8305 0.0844014 0.0846987
0 0.576398 0.968846 0.124152 0.0623081
1 0.575488 0.967506 0.12176 0.0631148
0 0.023264 0.66939 0.0464531 0.161926
0 0.800429 0.386089 0.0991966 0.132207
0 0.578069 0.975843 0.111635 0.0483133
1 0.549025 0.872382 0.111018 0.0752784
