0 0.272382 0.473179 0.160971 0.180832
0 0.833664 0.413016 0.140728 0.187766
0 0.715181 0.67171 0.166304 0.188803
2 0.519808 0.671885 0.0452514 0.141838
1 0.571431 0.113241 0.168639 0.122593
1 0.786281 0.113694 0.145239 0.115241
1 0.56942 0.113864 0.151286 0.0940434
0 0.0128354 0.0658633 0.0253877 0.131727
1 0.892655 0.359753 0.0899374 0.0674985
1 0.794608 0.117218 0.128533 0.0874726
1 0.782934 0.307728 0.12689 0.0906503
1 0.761457 0.0284134 0.124274 0.0490403
1 0.603112 0.142274 0.144071 0.0941671
0 0.0228627 0.0657692 0.0457253 0.131538
1 0.904285 0.362219 0.0752661 0.085137
1 0.587439 0.127446 0.14945 0.0962067
